cno4,occupation_title,jev_matched_occ_code,jev_matched_title,observed_exposure_jev_nearest,observed_exposure_jev_weighted,jev_match_probability,jev_match_margin,jev_match_entropy,jev_soc_group_confidence,jev_conditional_match_confidence,jev_tier,jev_tier_probability,jev_tier_margin,jev_tier_confidence,jev_api_label_disagreement_count,jev_match_api_label_disagreement,jev_tier_api_label_disagreement,jev_tier_1_probability,jev_tier_2_probability,jev_tier_3_probability,jev_match_review,jev_tier_review,jev_no_military_category,observed_exposure_jev_direct,jev_direct_raw_score,jev_direct_confidence,jev_direct_score_discrepancy,jev_direct_review,jev_model,jev_rubric_version,jev_direct_rubric_version
0011,Oficiales de las fuerzas armadas,11-1021,General and Operations Managers,0.1378,0.0722523386868687,0.35100000000000003,0.08514141414141418,2.0264181822263008,0.44,0.76,3,0.98,0.96,0.97,0,False,False,0.0,0.02,0.98,True,False,True,0.09777777777777778,0.96,0.62,0.008888888888888877,False,jev-1.13.0,garicano-2026-07-09-v1,anthropic-observed-exposure-2026-03-v3
0012,Suboficiales de las fuerzas armadas,33-1012,First-Line Supervisors of Police and Detectives,0.0,0.038576155555555554,0.3132,0.16529999999999997,2.1622347146543457,0.86,0.31,3,0.93,0.8700000000000001,0.89,0,False,False,0.01,0.06,0.93,True,False,True,0.05444444444444444,0.56,0.78,0.007777777777777786,False,jev-1.13.0,garicano-2026-07-09-v1,anthropic-observed-exposure-2026-03-v3
0020,Tropa y marinería de las fuerzas armadas,33-9099,"Protective Service Workers, All Other",0.0571,0.052237448080808074,0.4437,0.25229999999999997,1.8514161524418673,0.85,0.48,2,0.44,0.020000000000000018,0.16,0,False,False,0.42,0.44,0.14,True,True,True,0.020000000000000004,0.22,0.91,0.004444444444444442,False,jev-1.13.0,garicano-2026-07-09-v1,anthropic-observed-exposure-2026-03-v3
1111,"Miembros del poder ejecutivo (nacional, autonómico y local) y del poder legislativo",11-1031,Legislators,0.0,0.021743555555555558,0.6857575757575757,0.4415151515151514,0.9564986160701804,0.92,0.72,3,1.0,1.0,0.99,0,False,False,0.0,0.0,1.0,False,False,False,0.18666666666666665,1.61,0.36,0.007777777777777745,True,jev-1.13.0,garicano-2026-07-09-v1,anthropic-observed-exposure-2026-03-v3
1112,Personal directivo de la Administración Pública,11-1011,Chief Executives,0.0333,0.060421600000000006,0.6983999999999999,0.4655999999999999,0.9111041562733933,0.97,0.7,3,0.99,0.98,0.99,0,False,False,0.0,0.01,0.99,False,False,False,0.22444444444444445,2.04,0.18,0.0022222222222222365,True,jev-1.13.0,garicano-2026-07-09-v1,anthropic-observed-exposure-2026-03-v3
1113,Directores de organizaciones de interés social,11-1011,Chief Executives,0.0333,0.08201912,0.6048,0.4284,1.3143104906849505,0.83,0.71,3,1.0,1.0,1.0,0,False,False,0.0,0.0,1.0,False,False,False,0.2088888888888889,1.88,0.45,2.7755575615628914e-17,True,jev-1.13.0,garicano-2026-07-09-v1,anthropic-observed-exposure-2026-03-v3
1120,Directores generales y presidentes ejecutivos,11-1011,Chief Executives,0.0333,0.0333,1.0,1.0,-0.0,1.0,1.0,3,1.0,1.0,0.99,0,False,False,0.0,0.0,1.0,False,False,False,0.19444444444444445,1.82,0.27,0.007777777777777772,True,jev-1.13.0,garicano-2026-07-09-v1,anthropic-observed-exposure-2026-03-v3
1211,Directores financieros,11-3031,Financial Managers,0.3907,0.34822256,0.779,0.738,1.0167925139708882,0.81,0.94,3,0.9393939393939393,0.8989898989898989,0.9,0,False,False,0.0202020202020202,0.0404040404040404,0.9393939393939393,False,False,False,0.33,3.01,0.31,0.0044444444444444176,True,jev-1.13.0,garicano-2026-07-09-v1,anthropic-observed-exposure-2026-03-v3
1212,Directores de recursos humanos,11-3121,Human Resources Managers,0.0,0.06773551515151514,0.76,0.6000000000000001,0.780251593051689,0.75,0.99,3,0.99,0.98,0.99,0,False,False,0.0,0.01,0.99,False,False,False,0.26555555555555554,2.38,0.32,0.0011111111111111183,True,jev-1.13.0,garicano-2026-07-09-v1,anthropic-observed-exposure-2026-03-v3
1219,Directores de políticas y planificación y de otros departamentos administrat ivos no clasificados bajo otros epígrafes,11-1021,General and Operations Managers,0.1378,0.09979535272727273,0.5333333333333333,0.3296969696969697,1.3737184191291634,0.96,0.53,3,0.92,0.8500000000000001,0.89,0,False,False,0.01,0.07,0.92,True,False,False,0.30000000000000004,2.69,0.38,0.0011111111111111738,True,jev-1.13.0,garicano-2026-07-09-v1,anthropic-observed-exposure-2026-03-v3
1221,Directores comerciales y de ventas,11-2022,Sales Managers,0.0433,0.14123835,0.651,0.3906,0.9615291583362224,0.92,0.69,3,0.89,0.79,0.84,0,False,False,0.01,0.1,0.89,False,False,False,0.29000000000000004,2.65,0.37,0.0044444444444444176,True,jev-1.13.0,garicano-2026-07-09-v1,anthropic-observed-exposure-2026-03-v3
1222,Directores de publicidad y relaciones públicas,11-2032,Public Relations Managers,0.2315,0.2811700590909091,0.47250000000000003,0.21750000000000003,1.4174386922902564,0.74,0.6,3,0.87,0.74,0.8,0,False,False,0.0,0.13,0.87,True,False,False,0.2911111111111111,2.62,0.41,0.0,True,jev-1.13.0,garicano-2026-07-09-v1,anthropic-observed-exposure-2026-03-v3
1223,Directores de investigación y desarrollo,11-9121,Natural Sciences Managers,0.0613,0.0500075997979798,0.3952,0.045599999999999974,1.5763480530469185,0.74,0.49,3,0.82,0.7,0.73,0,False,False,0.06,0.12,0.82,True,False,False,0.2444444444444444,2.22,0.36,0.002222222222222292,True,jev-1.13.0,garicano-2026-07-09-v1,anthropic-observed-exposure-2026-03-v3
1311,Directores de producción de explotaciones agropecuarias y forestales,45-1011,"First-Line Supervisors of Farming, Fishing, and Forestry Workers",0.0,0.0,0.58,0.15999999999999998,0.6802920001921535,0.55,0.99,2,0.53,0.11000000000000004,0.28,0,False,False,0.05,0.53,0.42,True,True,False,0.17,1.57,0.6,0.004444444444444445,False,jev-1.13.0,garicano-2026-07-09-v1,anthropic-observed-exposure-2026-03-v3
1312,Directores de producción de explotaciones pesqueras y acuícolas,45-1011,"First-Line Supervisors of Farming, Fishing, and Forestry Workers",0.0,0.0018046363636363635,0.7566,0.5466000000000001,0.6858174574475351,0.76,0.95,2,0.49,0.020000000000000018,0.24,0,False,False,0.04,0.49,0.47,False,True,False,0.14333333333333334,1.34,0.63,0.005555555555555564,False,jev-1.13.0,garicano-2026-07-09-v1,anthropic-observed-exposure-2026-03-v3
1313,Directores de industrias manufactureras,11-3051,Industrial Production Managers,0.0132,0.015766502626262627,0.8256,0.7548929292929293,0.7597799367108339,0.84,0.96,3,0.75,0.5700000000000001,0.63,0,False,False,0.07,0.18,0.75,False,False,False,0.2255555555555556,2.09,0.44,0.006666666666666626,True,jev-1.13.0,garicano-2026-07-09-v1,anthropic-observed-exposure-2026-03-v3
1314,Directores de explotaciones mineras,11-3051,Industrial Production Managers,0.0132,0.033008975757575755,0.5987878787878788,0.44525252525252523,1.40636735429883,0.74,0.76,3,0.77,0.6,0.66,0,False,False,0.06,0.17,0.77,True,False,False,0.16666666666666666,1.51,0.57,0.0011111111111111183,False,jev-1.13.0,garicano-2026-07-09-v1,anthropic-observed-exposure-2026-03-v3
1315,"Directores de empresas de abastecimiento, transporte, distribución y afines",11-3071,"Transportation, Storage, and Distribution Managers",0.0956,0.08748486,0.75,0.65,0.9918261367337708,0.73,1.0,3,0.67,0.44000000000000006,0.51,0,False,False,0.1,0.23,0.67,False,False,False,0.2777777777777778,2.51,0.41,0.0011111111111110628,True,jev-1.13.0,garicano-2026-07-09-v1,anthropic-observed-exposure-2026-03-v3
1316,Directores de empresas de construcción,11-9021,Construction Managers,0.1186,0.09822849454545454,0.7623,0.5926030303030303,0.7962760449793159,0.75,0.98,3,0.71,0.42999999999999994,0.58,0,False,False,0.01,0.28,0.71,False,False,False,0.1811111111111111,1.68,0.56,0.005555555555555536,False,jev-1.13.0,garicano-2026-07-09-v1,anthropic-observed-exposure-2026-03-v3
1321,Directores de servicios de tecnologías de la información y las comuni caciones (TIC),11-3021,Computer and Information Systems Managers,0.1559,0.22521587,0.49,0.3161,1.5896889080170644,0.46,1.0,3,0.93,0.8700000000000001,0.9,0,False,False,0.01,0.06,0.93,True,False,False,0.3155555555555556,2.83,0.35,0.0011111111111111183,True,jev-1.13.0,garicano-2026-07-09-v1,anthropic-observed-exposure-2026-03-v3
1322,Directores de servicios sociales para niños,21-1021,"Child, Family, and School Social Workers",0.0074,0.030841580404040402,0.6463636363636364,0.45036363636363635,1.0837429938112477,0.77,0.79,3,0.6900000000000001,0.38000000000000006,0.52,0,False,False,0.0,0.31,0.6900000000000001,False,False,False,0.18555555555555556,1.71,0.54,0.004444444444444445,False,jev-1.13.0,garicano-2026-07-09-v1,anthropic-observed-exposure-2026-03-v3
1323,Directores-gerentes de centros sanitarios,11-9111,Medical and Health Services Managers,0.0659,0.06665159404040404,0.97,0.9623232323232322,0.2095654418679603,0.96,1.0,3,0.98,0.96,0.97,0,False,False,0.0,0.02,0.98,False,False,False,0.23111111111111113,2.13,0.39,0.005555555555555536,True,jev-1.13.0,garicano-2026-07-09-v1,anthropic-observed-exposure-2026-03-v3
1324,Directores de servicios sociales para personas mayores,11-9151,Social and Community Service Managers,0.1808,0.11076788,0.3128,0.02240000000000003,1.7566200520369262,0.64,0.91,3,0.9400000000000001,0.8800000000000001,0.9,0,False,False,0.0,0.06,0.9400000000000001,True,False,False,0.2,1.84,0.49,0.004444444444444445,True,jev-1.13.0,garicano-2026-07-09-v1,anthropic-observed-exposure-2026-03-v3
1325,Directores de otros servicios sociales,21-2021,"Directors, Religious Activities and Education",0.153,0.10142875999999999,0.23399999999999999,0.013999999999999985,1.941334500572397,0.77,0.25,3,0.97,0.94,0.95,0,False,False,0.0,0.03,0.97,True,False,False,0.23666666666666666,2.13,0.39,0.0,True,jev-1.13.0,garicano-2026-07-09-v1,anthropic-observed-exposure-2026-03-v3
1326,Directores de servicios de educación,11-9032,"Education Administrators, Kindergarten through Secondary",0.0525,0.154795,0.45599999999999996,0.06799999999999995,1.1804828465721262,0.58,0.74,3,0.98,0.96,0.96,0,False,False,0.0,0.02,0.98,True,False,False,0.23333333333333334,2.13,0.53,0.003333333333333327,False,jev-1.13.0,garicano-2026-07-09-v1,anthropic-observed-exposure-2026-03-v3
1327,"Directores de sucursales de bancos, de servicios financieros y de seguros 21",11-3031,Financial Managers,0.3907,0.33141017,0.7029,0.4535,0.823260534529232,0.69,0.99,3,0.85,0.71,0.78,0,False,False,0.01,0.14,0.85,False,False,False,0.2533333333333333,2.29,0.44,0.0011111111111111738,True,jev-1.13.0,garicano-2026-07-09-v1,anthropic-observed-exposure-2026-03-v3
1329,Directores de otras empresas de servicios profesionales no clasif icados bajo otros epígrafes,11-1021,General and Operations Managers,0.1378,0.10067026,0.418,0.133,1.6700795272399787,0.93,0.41,3,0.96,0.9199999999999999,0.93,0,False,False,0.0,0.04,0.96,True,False,False,0.20222222222222222,1.83,0.49,0.0011111111111111183,True,jev-1.13.0,garicano-2026-07-09-v1,anthropic-observed-exposure-2026-03-v3
1411,Directores y gerentes de hoteles,11-9081,Lodging Managers,0.1215,0.12219128,0.9309999999999999,0.9090999999999999,0.3888172663325258,0.94,0.97,3,0.72,0.43999999999999995,0.57,0,False,False,0.0,0.28,0.72,False,False,False,0.21666666666666667,1.92,0.55,0.003333333333333355,False,jev-1.13.0,garicano-2026-07-09-v1,anthropic-observed-exposure-2026-03-v3
1419,Directores y gerentes de otras empresas de servicios de alojamiento,11-9081,Lodging Managers,0.1215,0.12055223000000001,0.9405,0.9294,0.36365718375850853,0.93,0.98,3,0.51,0.030000000000000027,0.26,0,False,False,0.01,0.48,0.51,False,True,False,0.19666666666666666,1.81,0.51,0.004444444444444473,False,jev-1.13.0,garicano-2026-07-09-v1,anthropic-observed-exposure-2026-03-v3
1421,Directores y gerentes de restaurantes,11-9051,Food Service Managers,0.0,0.011276159999999999,0.79,0.5905,0.5608990971670098,0.77,1.0,3,0.52,0.050000000000000044,0.29,0,False,False,0.01,0.47,0.52,False,True,False,0.23111111111111113,2.09,0.5,0.0011111111111110905,False,jev-1.13.0,garicano-2026-07-09-v1,anthropic-observed-exposure-2026-03-v3
1422,"Directores y gerentes de bares, cafeterías y similares",11-9051,Food Service Managers,0.0,0.020103,0.6435,0.3075,0.7571841788640027,0.62,0.99,2,0.5800000000000001,0.17000000000000004,0.38,0,False,False,0.010000000000000002,0.5800000000000001,0.41000000000000003,False,True,False,0.18555555555555556,1.68,0.33,0.0011111111111110905,True,jev-1.13.0,garicano-2026-07-09-v1,anthropic-observed-exposure-2026-03-v3
1429,Directores y gerentes de empresas de catering y otras empresas de restaur ación,11-9051,Food Service Managers,0.0,0.011274919999999999,0.7722,0.5918,0.7044216335924564,0.76,0.99,2,0.54,0.09000000000000002,0.32,0,False,False,0.01,0.54,0.45,False,True,False,0.21666666666666667,1.97,0.46,0.0022222222222222088,True,jev-1.13.0,garicano-2026-07-09-v1,anthropic-observed-exposure-2026-03-v3
1431,Directores y gerentes de empresas de comercio al por mayor,11-1021,General and Operations Managers,0.1378,0.16279692454545452,0.413030303030303,0.11424242424242426,1.5990086316895613,0.86,0.45,3,0.77,0.5900000000000001,0.65,0,False,False,0.05,0.18,0.77,True,False,False,0.25555555555555554,2.34,0.49,0.004444444444444473,True,jev-1.13.0,garicano-2026-07-09-v1,anthropic-observed-exposure-2026-03-v3
1432,Directores y gerentes de empresas de comercio al por menor,11-1021,General and Operations Managers,0.1378,0.13824833578206305,0.6521783491480461,0.5179063360881542,1.1979260452613791,0.93,0.66,3,0.7,0.42999999999999994,0.54,0,False,False,0.03,0.27,0.7,False,False,False,0.23000000000000004,2.09,0.52,0.002222222222222181,False,jev-1.13.0,garicano-2026-07-09-v1,anthropic-observed-exposure-2026-03-v3
1501,"Directores y gerentes de empresas de actividades recreativas, cultur ales y deportivas",27-2012,Producers and Directors,0.092,0.09477143222222223,0.4177777777777778,0.1531777777777778,1.6871164033734796,0.51,0.93,3,0.65,0.31,0.47,0,False,False,0.01,0.34,0.65,True,False,False,0.21111111111111114,1.91,0.56,0.0011111111111110628,False,jev-1.13.0,garicano-2026-07-09-v1,anthropic-observed-exposure-2026-03-v3
1509,Directores y gerentes de empresas de gestión de residuos y de otras empresas de servicios no clasificados bajo otros epígrafes,11-1021,General and Operations Managers,0.1378,0.11276912858585858,0.48,0.21119999999999994,1.5368784801005007,0.95,0.47,3,0.67,0.36000000000000004,0.51,0,False,False,0.02,0.31,0.67,True,False,False,0.18666666666666668,1.7,0.55,0.0022222222222222088,False,jev-1.13.0,garicano-2026-07-09-v1,anthropic-observed-exposure-2026-03-v3
2111,Médicos de familia,29-1215,Family Medicine Physicians,0.0,0.00030504,0.99,0.9837,0.06596353650563437,0.98,1.0,2,0.98,0.97,0.98,0,False,False,0.01,0.98,0.01,False,False,False,0.1788888888888889,1.7,0.55,0.009999999999999981,False,jev-1.13.0,garicano-2026-07-09-v1,anthropic-observed-exposure-2026-03-v3
2112,Otros médicos especialistas,29-1229,"Physicians, All Other",0.0297,0.030168,0.98,0.97,0.1119020568909309,0.99,0.98,2,0.99,0.98,0.98,0,False,False,0.01,0.99,0.0,False,False,False,0.15666666666666665,1.44,0.62,0.003333333333333355,False,jev-1.13.0,garicano-2026-07-09-v1,anthropic-observed-exposure-2026-03-v3
2121,Enfermeros no especializados,29-1141,Registered Nurses,0.0595,0.05833023,0.9801,0.9702,0.11334742890133549,0.99,0.99,2,1.0,1.0,1.0,0,False,False,0.0,1.0,0.0,False,False,False,0.11444444444444445,1.1,0.72,0.007777777777777786,False,jev-1.13.0,garicano-2026-07-09-v1,anthropic-observed-exposure-2026-03-v3
2122,Enfermeros especializados (excepto matronos),29-1141,Registered Nurses,0.0595,0.061593999999999996,0.94,0.8799999999999999,0.22696752250060448,0.99,0.94,2,1.0,1.0,0.99,0,False,False,0.0,1.0,0.0,False,False,False,0.1511111111111111,1.37,0.66,0.0011111111111111183,False,jev-1.13.0,garicano-2026-07-09-v1,anthropic-observed-exposure-2026-03-v3
2123,Matronos,29-1161,Nurse Midwives,0.052,0.052,1.0,1.0,-0.0,0.99,1.0,2,1.0,1.0,1.0,0,False,False,0.0,1.0,0.0,False,False,False,0.08222222222222222,0.78,0.69,0.004444444444444445,False,jev-1.13.0,garicano-2026-07-09-v1,anthropic-observed-exposure-2026-03-v3
2130,Veterinarios,29-1131,Veterinarians,0.0926,0.09075824,0.97,0.9582999999999999,0.1782019115016724,0.96,1.0,2,0.99,0.98,0.98,0,False,False,0.01,0.99,0.0,False,False,False,0.10777777777777778,1.0,0.72,0.003333333333333327,False,jev-1.13.0,garicano-2026-07-09-v1,anthropic-observed-exposure-2026-03-v3
2140,Farmacéuticos,29-1051,Pharmacists,0.0896,0.08961337373737373,0.98,0.9686868686868687,0.11987370934135265,0.98,1.0,2,0.89,0.78,0.83,0,False,False,0.11,0.89,0.0,False,False,False,0.2122222222222222,1.93,0.45,0.0022222222222222365,True,jev-1.13.0,garicano-2026-07-09-v1,anthropic-observed-exposure-2026-03-v3
2151,Odontólogos y estomatólogos,29-1021,"Dentists, General",0.0309,0.0309,1.0,1.0,-0.0,0.99,1.0,2,0.98,0.96,0.98,0,False,False,0.02,0.98,0.0,False,False,False,0.09666666666666666,0.9,0.73,0.003333333333333341,False,jev-1.13.0,garicano-2026-07-09-v1,anthropic-observed-exposure-2026-03-v3
2152,Fisioterapeutas,29-1123,Physical Therapists,0.0174,0.0174,1.0,1.0,-0.0,0.99,1.0,2,0.99,0.98,0.99,0,False,False,0.01,0.99,0.0,False,False,False,0.08666666666666667,0.84,0.74,0.006666666666666654,False,jev-1.13.0,garicano-2026-07-09-v1,anthropic-observed-exposure-2026-03-v3
2153,Dietistas y nutricionistas 39,29-1031,Dietitians and Nutritionists,0.1328,0.12490148000000001,0.91,0.8748,0.47322356587272374,0.89,1.0,2,0.96,0.9299999999999999,0.95,0,False,False,0.03,0.96,0.01,False,False,False,0.17333333333333334,1.6,0.36,0.004444444444444445,True,jev-1.13.0,garicano-2026-07-09-v1,anthropic-observed-exposure-2026-03-v3
2154,Logopedas,29-1127,Speech-Language Pathologists,0.0,0.0,0.89,0.78,0.34651533691866615,0.99,0.88,2,0.99,0.98,0.99,0,False,False,0.01,0.99,0.0,False,False,False,0.09888888888888889,0.98,0.61,0.009999999999999995,False,jev-1.13.0,garicano-2026-07-09-v1,anthropic-observed-exposure-2026-03-v3
2155,Ópticos-optometristas,29-1041,Optometrists,0.0,0.0006612424242424243,0.99,0.9834343434343434,0.06791088885017145,0.98,1.0,2,0.98,0.96,0.96,0,False,False,0.02,0.98,0.0,False,False,False,0.09777777777777778,0.95,0.62,0.007777777777777772,False,jev-1.13.0,garicano-2026-07-09-v1,anthropic-observed-exposure-2026-03-v3
2156,Terapeutas ocupacionales,29-1122,Occupational Therapists,0.008,0.008388074343434344,0.98,0.9709,0.12397796144794729,0.98,1.0,2,1.0,1.0,0.99,0,False,False,0.0,1.0,0.0,False,False,False,0.09555555555555556,0.91,0.74,0.00555555555555555,False,jev-1.13.0,garicano-2026-07-09-v1,anthropic-observed-exposure-2026-03-v3
2157,Podólogos,29-1081,Podiatrists,0.0,0.0005402,0.98,0.973,0.1380895535434927,0.97,1.0,2,0.98,0.96,0.97,0,False,False,0.02,0.98,0.0,False,False,False,0.05222222222222222,0.52,0.79,0.005555555555555564,False,jev-1.13.0,garicano-2026-07-09-v1,anthropic-observed-exposure-2026-03-v3
2158,Profesionales de la salud y la higiene laboral y ambiental,19-2041,"Environmental Scientists and Specialists, Including Health",0.0548,0.04603964,0.472,0.354,2.2505625669696205,0.56,0.79,2,0.73,0.54,0.59,0,False,False,0.08,0.73,0.19,True,False,False,0.22999999999999998,2.06,0.5,0.0011111111111110905,False,jev-1.13.0,garicano-2026-07-09-v1,anthropic-observed-exposure-2026-03-v3
2159,Profesionales de la salud no clasificados bajo otros epígrafes,29-1299,"Healthcare Diagnosing or Treating Practitioners, All Other",0.0222,0.02189792,0.666,0.5850000000000001,1.3956674644800553,0.89,0.72,2,0.99,0.98,0.98,0,False,False,0.0,0.99,0.01,False,False,False,0.19111111111111112,1.74,0.31,0.0022222222222222088,True,jev-1.13.0,garicano-2026-07-09-v1,anthropic-observed-exposure-2026-03-v3
2210,Profesores de universidades y otra enseñanza superior (excepto formación profesional),25-1121,"Art, Drama, and Music Teachers, Postsecondary",0.2142,0.20015824222222223,0.47519999999999996,0.39599999999999996,2.1634955256358617,0.99,0.46,2,0.63,0.4,0.45,0,False,False,0.14,0.63,0.23,True,False,False,0.2988888888888889,2.68,0.43,0.0011111111111111183,True,jev-1.13.0,garicano-2026-07-09-v1,anthropic-observed-exposure-2026-03-v3
2220,Profesores de formación profesional (materias específicas),25-2032,"Career/Technical Education Teachers, Secondary School",0.0,0.03126,0.8,0.6000000000000001,0.5004024235381879,1.0,0.79,2,0.91,0.8500000000000001,0.85,0,False,False,0.06,0.91,0.03,False,False,False,0.19555555555555557,1.82,0.57,0.006666666666666654,False,jev-1.13.0,garicano-2026-07-09-v1,anthropic-observed-exposure-2026-03-v3
2230,Profesores de enseñanza secundaria (excepto materias específicas de form ación profesional),25-2031,"Secondary School Teachers, Except Special and Career/Technical Education",0.2901,0.2901,1.0,1.0,-0.0,1.0,1.0,2,0.77,0.55,0.65,0,False,False,0.01,0.77,0.22,False,False,False,0.25777777777777783,2.35,0.52,0.0033333333333332993,False,jev-1.13.0,garicano-2026-07-09-v1,anthropic-observed-exposure-2026-03-v3
2240,Profesores de enseñanza primaria,25-2021,"Elementary School Teachers, Except Special Education",0.103,0.103,1.0,1.0,-0.0,1.0,1.0,2,0.8,0.6100000000000001,0.7,0,False,False,0.01,0.8,0.19,False,False,False,0.17555555555555555,1.66,0.6,0.00888888888888889,False,jev-1.13.0,garicano-2026-07-09-v1,anthropic-observed-exposure-2026-03-v3
2251,Maestros de educación infantil 47,25-2011,"Preschool Teachers, Except Special Education",0.0,0.0,1.0,1.0,-0.0,1.0,0.99,2,0.73,0.45999999999999996,0.59,0,False,False,0.0,0.73,0.27,False,False,False,0.08888888888888889,0.87,0.65,0.007777777777777772,False,jev-1.13.0,garicano-2026-07-09-v1,anthropic-observed-exposure-2026-03-v3
2252,Técnicos en educación infantil,25-2011,"Preschool Teachers, Except Special Education",0.0,0.00115606,0.8019000000000001,0.7226,0.7662449017435002,0.79,0.98,2,0.81,0.6200000000000001,0.7,0,False,False,0.0,0.81,0.19,False,False,False,0.07333333333333332,0.72,0.71,0.006666666666666682,False,jev-1.13.0,garicano-2026-07-09-v1,anthropic-observed-exposure-2026-03-v3
2311,Profesores de educación especial,25-2059,"Special Education Teachers, All Other",0.0257,0.053246464646464646,0.5353535353535354,0.24242424242424243,1.17331200667316,1.0,0.51,2,0.79,0.5800000000000001,0.67,0,False,False,0.0,0.79,0.21,True,False,False,0.18444444444444444,1.68,0.57,0.0022222222222222088,False,jev-1.13.0,garicano-2026-07-09-v1,anthropic-observed-exposure-2026-03-v3
2312,Técnicos educadores de educación especial,25-2059,"Special Education Teachers, All Other",0.0257,0.04995748484848484,0.34313131313131306,0.10373737373737371,1.985731538865903,0.78,0.41,2,0.89,0.78,0.82,0,False,False,0.0,0.89,0.11,True,False,False,0.12111111111111111,1.17,0.69,0.00888888888888889,False,jev-1.13.0,garicano-2026-07-09-v1,anthropic-observed-exposure-2026-03-v3
2321,Especialistas en métodos didácticos y pedagógicos,25-9031,Instructional Coordinators,0.3043,0.29858252,0.97,0.9628,0.19806605022783036,0.97,1.0,2,0.52,0.07,0.28,0,False,False,0.03,0.52,0.45,False,True,False,0.27666666666666667,2.45,0.4,0.0044444444444444176,True,jev-1.13.0,garicano-2026-07-09-v1,anthropic-observed-exposure-2026-03-v3
2322,Profesores de enseñanza no reglada de idiomas,25-3011,"Adult Basic Education, Adult Secondary Education, and English as a Second Language Instructors",0.0636,0.07592800000000001,0.92,0.87,0.35078985587007033,1.0,0.91,2,0.86,0.76,0.78,0,False,False,0.1,0.86,0.04,False,False,False,0.24777777777777776,2.23,0.47,0.0,True,jev-1.13.0,garicano-2026-07-09-v1,anthropic-observed-exposure-2026-03-v3
2323,Profesores de enseñanza no reglada de música y danza,25-3021,Self-Enrichment Teachers,0.0662,0.07912741,0.7569,0.6525000000000001,0.9387035833392852,0.86,0.86,2,0.81,0.6300000000000001,0.71,0,False,False,0.01,0.81,0.18,False,False,False,0.11444444444444445,1.09,0.69,0.006666666666666668,False,jev-1.13.0,garicano-2026-07-09-v1,anthropic-observed-exposure-2026-03-v3
2324,Profesores de enseñanza no reglada de artes,25-3021,Self-Enrichment Teachers,0.0662,0.09691324,0.72,0.5688888888888889,1.001804690837431,0.86,0.8,2,0.79,0.6000000000000001,0.69,0,False,False,0.02,0.79,0.19,False,False,False,0.14,1.29,0.67,0.003333333333333327,False,jev-1.13.0,garicano-2026-07-09-v1,anthropic-observed-exposure-2026-03-v3
2325,Instructores en tecnologías de la información en enseñanza no reglada,25-9031,Instructional Coordinators,0.3043,0.21071822222222222,0.32666666666666666,0.08909090909090908,1.771986044883896,0.97,0.31,2,0.67,0.38000000000000006,0.51,0,False,False,0.29,0.67,0.04,True,False,False,0.3855555555555556,3.46,0.35,0.0011111111111111738,True,jev-1.13.0,garicano-2026-07-09-v1,anthropic-observed-exposure-2026-03-v3
2326,Profesionales de la educación ambiental,25-1053,"Environmental Science Teachers, Postsecondary",0.0232,0.11090817090909091,0.3106060606060606,0.12878787878787878,2.0518632866035755,0.73,0.39,2,0.83,0.6699999999999999,0.74,0,False,False,0.01,0.83,0.16,True,False,False,0.1811111111111111,1.69,0.55,0.006666666666666654,False,jev-1.13.0,garicano-2026-07-09-v1,anthropic-observed-exposure-2026-03-v3
2329,Profesores y profesionales de la enseñanza no clasificados bajo otros epígrafes,25-3041,Tutors,0.4077,0.39444354,0.9309999999999999,0.8917999999999999,0.31979861387565367,0.97,0.94,2,0.84,0.7,0.77,0,False,False,0.02,0.84,0.14,False,False,False,0.26666666666666666,2.36,0.46,0.004444444444444473,True,jev-1.13.0,garicano-2026-07-09-v1,anthropic-observed-exposure-2026-03-v3
2411,Físicos y astrónomos 56,19-2012,Physicists,0.2727,0.273822,0.99,0.98,0.056001534354847345,1.0,0.99,1,0.89,0.78,0.83,0,False,False,0.89,0.11,0.0,False,False,False,0.17666666666666667,1.59,0.58,0.0,False,jev-1.13.0,garicano-2026-07-09-v1,anthropic-observed-exposure-2026-03-v3
2412,Meteorólogos 57,19-2021,Atmospheric and Space Scientists,0.038,0.038,1.0,1.0,-0.0,1.0,1.0,1,0.93,0.8600000000000001,0.9,0,False,False,0.93,0.07,0.0,False,False,False,0.20333333333333334,1.8,0.28,0.003333333333333327,True,jev-1.13.0,garicano-2026-07-09-v1,anthropic-observed-exposure-2026-03-v3
2413,Químicos,19-2031,Chemists,0.2614,0.2614,1.0,1.0,-0.0,0.99,1.0,1,0.85,0.7,0.78,0,False,False,0.85,0.15,0.0,False,False,False,0.18777777777777777,1.7,0.55,0.0011111111111111183,False,jev-1.13.0,garicano-2026-07-09-v1,anthropic-observed-exposure-2026-03-v3
2414,Geólogos y geofísicos,19-2042,"Geoscientists, Except Hydrologists and Geographers",0.043,0.042177959999999994,0.98,0.961,0.10361885605908355,0.98,1.0,1,0.72,0.43999999999999995,0.58,0,False,False,0.72,0.28,0.0,False,False,False,0.16444444444444445,1.52,0.62,0.004444444444444445,False,jev-1.13.0,garicano-2026-07-09-v1,anthropic-observed-exposure-2026-03-v3
2415,Matemáticos y actuarios,15-2011,Actuaries,0.0539,0.23524612999999997,0.40669999999999995,0.024899999999999978,1.5370110200981857,0.82,0.46,1,0.95,0.8999999999999999,0.92,0,False,False,0.95,0.05,0.0,True,False,False,0.31425364758698093,2.88,0.27,0.0057463524130190735,True,jev-1.13.0,garicano-2026-07-09-v1,anthropic-observed-exposure-2026-03-v3
2416,Estadísticos 60,15-2041,Statisticians,0.2107,0.25922013,0.4,0.08909090909090911,1.4677419800675948,0.55,1.0,1,0.88,0.76,0.82,0,False,False,0.88,0.12,0.0,True,False,False,0.3377777777777778,3.07,0.3,0.0033333333333332993,True,jev-1.13.0,garicano-2026-07-09-v1,anthropic-observed-exposure-2026-03-v3
2421,"Biólogos, botánicos, zoólogos y afines",19-1029,"Biological Scientists, All Other",0.2452,0.21074444444444446,0.8080808080808081,0.6666666666666666,0.6248763063668757,1.0,0.79,1,0.78,0.56,0.67,0,False,False,0.78,0.22,0.0,False,False,False,0.16444444444444445,1.51,0.66,0.003333333333333327,False,jev-1.13.0,garicano-2026-07-09-v1,anthropic-observed-exposure-2026-03-v3
2422,Ingenieros agrónomos,17-2021,Agricultural Engineers,0.0,0.01387698,0.7056,0.4631,0.8364377136396366,0.69,0.97,1,0.55,0.10000000000000003,0.31,0,False,False,0.55,0.45,0.0,False,True,False,0.14444444444444446,1.35,0.66,0.005555555555555564,False,jev-1.13.0,garicano-2026-07-09-v1,anthropic-observed-exposure-2026-03-v3
2423,Ingenieros de montes,17-2081,Environmental Engineers,0.0358,0.01500956,0.2948,0.0938,1.918004820026589,0.65,0.42,2,0.79,0.5900000000000001,0.68,0,False,False,0.2,0.79,0.01,True,False,False,0.18222222222222223,1.67,0.57,0.003333333333333327,False,jev-1.13.0,garicano-2026-07-09-v1,anthropic-observed-exposure-2026-03-v3
2424,Ingenieros técnicos agrícolas,17-2021,Agricultural Engineers,0.0,0.0015984217171717172,0.7713131313131314,0.6273131313131314,0.8225718538287706,0.81,0.91,2,0.8,0.7000000000000001,0.69,0,False,False,0.1,0.8,0.1,False,False,False,0.11666666666666667,1.09,0.69,0.004444444444444445,False,jev-1.13.0,garicano-2026-07-09-v1,anthropic-observed-exposure-2026-03-v3
2425,Ingenieros técnicos forestales y del medio natural,17-2081,Environmental Engineers,0.0358,0.02856338,0.6142,0.4687454545454545,1.445657746740453,0.71,0.81,2,0.89,0.8,0.84,0,False,False,0.09,0.89,0.02,False,False,False,0.16333333333333333,1.51,0.61,0.004444444444444445,False,jev-1.13.0,garicano-2026-07-09-v1,anthropic-observed-exposure-2026-03-v3
2426,Profesionales de la protección ambiental,19-2041,"Environmental Scientists and Specialists, Including Health",0.0548,0.0527416,0.88,0.781,0.4667344625978519,0.88,1.0,2,0.66,0.35000000000000003,0.48,0,False,False,0.31,0.66,0.03,False,False,False,0.22777777777777775,2.06,0.5,0.001111111111111146,False,jev-1.13.0,garicano-2026-07-09-v1,anthropic-observed-exposure-2026-03-v3
2427,Enólogos,19-1012,Food Scientists and Technologists,0.0,0.006269427676767678,0.6048,0.5008,1.6179218681471776,0.6,0.96,2,0.77,0.55,0.67,0,False,False,0.22,0.77,0.01,False,False,False,0.12111111111111111,1.11,0.56,0.0022222222222222365,False,jev-1.13.0,garicano-2026-07-09-v1,anthropic-observed-exposure-2026-03-v3
2431,Ingenieros industriales y de producción,17-2112,Industrial Engineers,0.0367,0.0367,1.0,1.0,-0.0,0.99,1.0,2,0.52,0.26,0.28,0,False,False,0.26,0.52,0.22,False,True,False,0.2,1.87,0.56,0.007777777777777772,False,jev-1.13.0,garicano-2026-07-09-v1,anthropic-observed-exposure-2026-03-v3
2432,Ingenieros en construcción y obra civil,17-2051,Civil Engineers,0.0081,0.0081,1.0,1.0,-0.0,1.0,1.0,2,0.83,0.6699999999999999,0.74,0,False,False,0.16,0.83,0.01,False,False,False,0.17444444444444443,1.6,0.61,0.003333333333333355,False,jev-1.13.0,garicano-2026-07-09-v1,anthropic-observed-exposure-2026-03-v3
2433,Ingenieros mecánicos,17-2141,Mechanical Engineers,0.0813,0.0813,1.0,1.0,-0.0,1.0,1.0,1,0.61,0.21999999999999997,0.41,0,False,False,0.61,0.39,0.0,False,False,False,0.16555555555555557,1.55,0.6,0.006666666666666654,False,jev-1.13.0,garicano-2026-07-09-v1,anthropic-observed-exposure-2026-03-v3
2434,Ingenieros aeronáuticos,17-2011,Aerospace Engineers,0.0753,0.0753,1.0,1.0,-0.0,1.0,1.0,1,0.66,0.32,0.49,0,False,False,0.66,0.34,0.0,False,False,False,0.17222222222222222,1.55,0.56,0.0,False,jev-1.13.0,garicano-2026-07-09-v1,anthropic-observed-exposure-2026-03-v3
2435,Ingenieros químicos 69,17-2041,Chemical Engineers,0.0,0.0,1.0,1.0,-0.0,1.0,1.0,2,0.5,0.010000000000000009,0.26,0,False,False,0.49,0.5,0.01,False,True,False,0.19079685746352412,1.77,0.53,0.005869809203142534,False,jev-1.13.0,garicano-2026-07-09-v1,anthropic-observed-exposure-2026-03-v3
2436,"Ingenieros de minas, metalúrgicos y afines",17-2151,"Mining and Geological Engineers, Including Mining Safety Engineers",0.0,0.00011383838383838385,0.9801,0.9702,0.13444152929290276,0.99,0.98,2,0.72,0.44999999999999996,0.59,0,False,False,0.27,0.72,0.01,False,False,False,0.14777777777777779,1.37,0.66,0.004444444444444445,False,jev-1.13.0,garicano-2026-07-09-v1,anthropic-observed-exposure-2026-03-v3
2437,Ingenieros ambientales,17-2081,Environmental Engineers,0.0358,0.03618,0.98,0.96,0.098039113279732,0.97,1.0,2,0.7000000000000001,0.41000000000000003,0.55,0,False,False,0.29000000000000004,0.7000000000000001,0.010000000000000002,False,False,False,0.2411111111111111,2.21,0.54,0.004444444444444445,False,jev-1.13.0,garicano-2026-07-09-v1,anthropic-observed-exposure-2026-03-v3
2439,Ingenieros no clasificados bajo otros epígrafes,17-2199,"Engineers, All Other",0.0659,0.064365,0.96,0.9299999999999999,0.19043755351892533,0.99,0.95,2,0.61,0.24,0.41,0,False,False,0.37,0.61,0.02,False,False,False,0.23666666666666666,2.17,0.52,0.004444444444444445,False,jev-1.13.0,garicano-2026-07-09-v1,anthropic-observed-exposure-2026-03-v3
2441,Ingenieros en electricidad,17-2071,Electrical Engineers,0.059,0.059,1.0,1.0,-0.0,1.0,1.0,2,0.66,0.32,0.48,0,False,False,0.34,0.66,0.0,False,False,False,0.20202020202020202,1.85,0.53,0.003535353535353558,False,jev-1.13.0,garicano-2026-07-09-v1,anthropic-observed-exposure-2026-03-v3
2442,Ingenieros electrónicos,17-2072,"Electronics Engineers, Except Computer",0.0999,0.0999,1.0,1.0,-0.0,1.0,0.99,1,0.67,0.34,0.49,0,False,False,0.67,0.33,0.0,False,False,False,0.2822222222222222,2.59,0.46,0.005555555555555536,True,jev-1.13.0,garicano-2026-07-09-v1,anthropic-observed-exposure-2026-03-v3
2443,Ingenieros en telecomunicaciones,17-2072,"Electronics Engineers, Except Computer",0.0999,0.098264,0.96,0.9199999999999999,0.167944147734173,0.99,0.94,1,0.55,0.10000000000000003,0.32,0,False,False,0.55,0.45,0.0,False,True,False,0.23000000000000004,2.08,0.54,0.0011111111111110905,False,jev-1.13.0,garicano-2026-07-09-v1,anthropic-observed-exposure-2026-03-v3
2451,Arquitectos (excepto arquitectos paisajistas y urbanistas),17-1011,"Architects, Except Landscape and Naval",0.0784,0.07762037,0.99,0.9803,0.05753991028713346,0.99,1.0,2,0.93,0.88,0.9,0,False,False,0.05,0.93,0.02,False,False,False,0.2544444444444445,2.34,0.5,0.005555555555555536,False,jev-1.13.0,garicano-2026-07-09-v1,anthropic-observed-exposure-2026-03-v3
2452,Arquitectos paisajistas 75,17-1012,Landscape Architects,0.0,0.00016424242424242422,0.97,0.9457575757575757,0.15458011220944382,0.96,1.0,2,0.89,0.8,0.83,0,False,False,0.09,0.89,0.02,False,False,False,0.21888888888888888,1.97,0.51,0.0,False,jev-1.13.0,garicano-2026-07-09-v1,anthropic-observed-exposure-2026-03-v3
2453,Urbanistas e ingenieros de tráfico,17-2051,Civil Engineers,0.0081,0.010495434343434341,0.7216161616161616,0.4937373737373737,0.7700667962113802,0.93,0.74,2,0.61,0.35,0.41,0,False,False,0.13,0.61,0.26,False,False,False,0.23888888888888887,2.19,0.46,0.004444444444444445,True,jev-1.13.0,garicano-2026-07-09-v1,anthropic-observed-exposure-2026-03-v3
2454,Ingenieros geógrafos y cartógrafos,17-1021,Cartographers and Photogrammetrists,0.08,0.0578869,0.6649999999999999,0.37999999999999995,0.8152137649241415,0.94,0.68,1,0.82,0.6399999999999999,0.73,0,False,False,0.82,0.18,0.0,False,False,False,0.13333333333333333,1.22,0.66,0.0022222222222222088,False,jev-1.13.0,garicano-2026-07-09-v1,anthropic-observed-exposure-2026-03-v3
2461,Ingenieros técnicos industriales y de producción,17-3026,Industrial Engineering Technologists and Technicians,0.0,0.010622359999999999,0.6958,0.4116,0.7171038859275738,0.97,0.69,2,0.54,0.18000000000000005,0.31,0,False,False,0.36,0.54,0.1,False,True,False,0.21000000000000002,1.92,0.55,0.0033333333333332993,False,jev-1.13.0,garicano-2026-07-09-v1,anthropic-observed-exposure-2026-03-v3
2462,Ingenieros técnicos de obras públicas,17-2051,Civil Engineers,0.0081,0.03304803636363636,0.6208,0.27160000000000006,0.808535936636786,0.97,0.62,2,0.9,0.81,0.85,0,False,False,0.09,0.9,0.01,False,False,False,0.12000000000000001,1.14,0.7,0.00666666666666664,False,jev-1.13.0,garicano-2026-07-09-v1,anthropic-observed-exposure-2026-03-v3
2463,Ingenieros técnicos mecánicos,17-2141,Mechanical Engineers,0.0813,0.06767406,0.43119999999999997,0.04899999999999999,1.2130112653006866,0.97,0.41,2,0.91,0.8200000000000001,0.87,0,False,False,0.09,0.91,0.0,True,False,False,0.1322222222222222,1.2,0.66,0.0011111111111111183,False,jev-1.13.0,garicano-2026-07-09-v1,anthropic-observed-exposure-2026-03-v3
2464,Ingenieros técnicos aeronáuticos,49-3011,Aircraft Mechanics and Service Technicians,0.0,0.031795739999999996,0.2813,0.018600000000000005,1.6818146326198797,0.68,0.96,2,0.93,0.8600000000000001,0.89,1,False,False,0.07,0.93,0.0,True,False,False,0.07,0.69,0.73,0.006666666666666654,False,jev-1.13.0,garicano-2026-07-09-v1,anthropic-observed-exposure-2026-03-v3
2465,Ingenieros técnicos químicos,17-2041,Chemical Engineers,0.0,4.4550000000000005e-05,0.891,0.8217,0.4654702566862617,0.98,0.89,2,0.63,0.27,0.45,0,False,False,0.36,0.63,0.01,False,False,False,0.14444444444444446,1.37,0.62,0.007777777777777772,False,jev-1.13.0,garicano-2026-07-09-v1,anthropic-observed-exposure-2026-03-v3
2466,"Ingenieros técnicos de minas, metalúrgicos y afines",17-2151,"Mining and Geological Engineers, Including Mining Safety Engineers",0.0,0.0008338675757575759,0.8553999999999999,0.8178,0.7405580378318729,0.93,0.9,2,0.81,0.6200000000000001,0.71,0,False,False,0.19,0.81,0.0,False,False,False,0.09111111111111111,0.85,0.66,0.003333333333333327,False,jev-1.13.0,garicano-2026-07-09-v1,anthropic-observed-exposure-2026-03-v3
2469,Ingenieros técnicos no clasificados bajo otros epígrafes,17-3026,Industrial Engineering Technologists and Technicians,0.0,0.01463791787878788,0.6111,0.388,1.1454761567492486,0.96,0.61,2,0.44,0.10999999999999999,0.17,0,False,False,0.33,0.44,0.23,False,True,False,0.16555555555555557,1.49,0.41,0.0,True,jev-1.13.0,garicano-2026-07-09-v1,anthropic-observed-exposure-2026-03-v3
2471,Ingenieros técnicos en electricidad,17-3023,Electrical and Electronic Engineering Technologists and Technicians,0.0202,0.03177412,0.6336,0.3168,0.8645489017292951,0.96,0.63,2,0.85,0.7,0.78,0,False,False,0.15,0.85,0.0,False,False,False,0.1111111111111111,1.05,0.69,0.005555555555555564,False,jev-1.13.0,garicano-2026-07-09-v1,anthropic-observed-exposure-2026-03-v3
2472,Ingenieros técnicos en electrónica,17-3023,Electrical and Electronic Engineering Technologists and Technicians,0.0202,0.034448175454545454,0.4958,0.28973939393939396,1.5835552693826667,0.65,0.72,2,0.88,0.76,0.82,0,False,False,0.12,0.88,0.0,True,False,False,0.08888888888888889,0.85,0.66,0.00555555555555555,False,jev-1.13.0,garicano-2026-07-09-v1,anthropic-observed-exposure-2026-03-v3
2473,Ingenieros técnicos en telecomunicaciones,17-3023,Electrical and Electronic Engineering Technologists and Technicians,0.0202,0.03664466828282828,0.48999999999999994,0.3287999999999999,1.6122854966444378,0.69,0.68,2,0.86,0.72,0.79,0,False,False,0.14,0.86,0.0,True,False,False,0.07777777777777778,0.76,0.69,0.006666666666666668,False,jev-1.13.0,garicano-2026-07-09-v1,anthropic-observed-exposure-2026-03-v3
2481,Arquitectos técnicos y técnicos urbanistas,17-3022,Civil Engineering Technologists and Technicians,0.0776,0.05713103838383837,0.6226262626262625,0.3810101010101009,1.0847614515409398,0.91,0.65,2,0.85,0.72,0.77,0,False,False,0.02,0.85,0.13,False,False,False,0.1388888888888889,1.3,0.68,0.005555555555555564,False,jev-1.13.0,garicano-2026-07-09-v1,anthropic-observed-exposure-2026-03-v3
2482,Diseñadores de productos y de prendas,27-1021,Commercial and Industrial Designers,0.0437,0.045330850000000006,0.8463,0.7626000000000001,0.6668004241724828,0.92,0.9,2,0.6900000000000001,0.39,0.54,0,False,False,0.30000000000000004,0.6900000000000001,0.010000000000000002,False,False,False,0.1930415263748597,1.78,0.54,0.004736251402918085,False,jev-1.13.0,garicano-2026-07-09-v1,anthropic-observed-exposure-2026-03-v3
2483,Ingenieros técnicos en topografía,17-1022,Surveyors,0.0022,0.005268966666666666,0.8918,0.8428,0.5292156619000382,0.98,0.9,1,0.54,0.08000000000000002,0.3,0,False,False,0.54,0.46,0.0,False,True,False,0.09888888888888889,0.94,0.62,0.00555555555555555,False,jev-1.13.0,garicano-2026-07-09-v1,anthropic-observed-exposure-2026-03-v3
2484,Diseñadores gráficos y multimedia,27-1024,Graphic Designers,0.3672,0.364313,0.86,0.73,0.44098809474007494,1.0,0.84,1,0.7000000000000001,0.41000000000000003,0.55,0,False,False,0.7000000000000001,0.29000000000000004,0.010000000000000002,False,False,False,0.27222222222222225,2.44,0.45,0.0011111111111111738,True,jev-1.13.0,garicano-2026-07-09-v1,anthropic-observed-exposure-2026-03-v3
2511,Abogados,23-1011,Lawyers,0.1673,0.1673,1.0,1.0,-0.0,0.99,1.0,2,0.57,0.17999999999999994,0.36,0,False,False,0.04,0.57,0.39,False,True,False,0.3655555555555556,3.28,0.4,0.0011111111111111738,True,jev-1.13.0,garicano-2026-07-09-v1,anthropic-observed-exposure-2026-03-v3
2512,Fiscales,23-1011,Lawyers,0.1673,0.17307564,0.9405,0.9009,0.2882069631531415,0.98,0.94,3,0.81,0.68,0.72,0,False,False,0.06,0.13,0.81,False,False,False,0.15333333333333335,1.5,0.4,0.013333333333333308,True,jev-1.13.0,garicano-2026-07-09-v1,anthropic-observed-exposure-2026-03-v3
2513,Jueces y magistrados,23-1023,"Judges, Magistrate Judges, and Magistrates",0.3109,0.30581925252525255,0.98,0.9719191919191918,0.13295440522478275,0.97,1.0,3,0.91,0.8500000000000001,0.87,0,False,False,0.06,0.03,0.91,False,False,False,0.1111111111111111,1.04,0.58,0.004444444444444459,False,jev-1.13.0,garicano-2026-07-09-v1,anthropic-observed-exposure-2026-03-v3
2591,Notarios y registradores,23-2093,"Title Examiners, Abstractors, and Searchers",0.0216,0.09550113333333334,0.4845,0.038000000000000034,1.022995768356068,0.93,0.43,3,0.45,0.06,0.17,0,False,False,0.39,0.16,0.45,True,True,False,0.17,1.56,0.38,0.003333333333333327,True,jev-1.13.0,garicano-2026-07-09-v1,anthropic-observed-exposure-2026-03-v3
2592,Procuradores,23-1011,Lawyers,0.1673,0.20378465161616163,0.5187,0.13650000000000007,1.0746178908189872,0.9,0.49,2,0.61,0.36,0.41,0,False,False,0.25,0.61,0.14,True,False,False,0.18666666666666665,1.63,0.35,0.005555555555555536,True,jev-1.13.0,garicano-2026-07-09-v1,anthropic-observed-exposure-2026-03-v3
2599,Profesionales del derecho no clasificados bajo otros epígrafes,23-1011,Lawyers,0.1673,0.17909262,0.4704,0.16659999999999997,1.2539597295552731,0.97,0.39,2,0.5,0.03999999999999998,0.25,0,False,False,0.46,0.5,0.04,True,True,False,0.3433333333333334,3.13,0.35,0.004444444444444362,True,jev-1.13.0,garicano-2026-07-09-v1,anthropic-observed-exposure-2026-03-v3
2611,Especialistas en contabilidad,13-2011,Accountants and Auditors,0.3478,0.3478,1.0,1.0,-0.0,1.0,1.0,1,0.7,0.47,0.56,0,False,False,0.7,0.23,0.07,False,False,False,0.41444444444444445,3.73,0.24,0.0,True,jev-1.13.0,garicano-2026-07-09-v1,anthropic-observed-exposure-2026-03-v3
2612,Asesores financieros y en inversiones,13-2052,Personal Financial Advisors,0.3504,0.3504,1.0,1.0,-0.0,0.99,1.0,2,0.76,0.55,0.65,0,False,False,0.03,0.76,0.21,False,False,False,0.30333333333333334,2.72,0.34,0.0011111111111111183,True,jev-1.13.0,garicano-2026-07-09-v1,anthropic-observed-exposure-2026-03-v3
2613,Analistas financieros,13-2051,Financial and Investment Analysts,0.5716,0.5716,1.0,1.0,-0.0,1.0,1.0,1,0.82,0.6499999999999999,0.73,0,False,False,0.82,0.17,0.01,False,False,False,0.4055555555555556,3.64,0.22,0.0011111111111111738,True,jev-1.13.0,garicano-2026-07-09-v1,anthropic-observed-exposure-2026-03-v3
2621,Analistas de gestión y organización,13-1111,Management Analysts,0.2435,0.22033658686868685,0.86,0.82,0.6830365246518638,0.85,1.0,3,0.67,0.39,0.5,0,False,False,0.05,0.28,0.67,False,False,False,0.36444444444444446,3.26,0.32,0.0022222222222222365,True,jev-1.13.0,garicano-2026-07-09-v1,anthropic-observed-exposure-2026-03-v3
2622,Especialistas en administración de política de empresas,13-1111,Management Analysts,0.2435,0.22491748020202018,0.8513999999999999,0.7934202020202019,0.683857715564621,0.85,0.99,3,0.51,0.21000000000000002,0.27,0,False,False,0.19,0.3,0.51,False,True,False,0.35888888888888887,3.25,0.29,0.0022222222222222365,True,jev-1.13.0,garicano-2026-07-09-v1,anthropic-observed-exposure-2026-03-v3
2623,Especialistas de la Administración Pública,13-2081,"Tax Examiners and Collectors, and Revenue Agents",0.0275,0.09748341,0.2193,0.12569999999999998,2.8867342378611482,0.39,0.48,3,0.81,0.67,0.71,0,False,False,0.05,0.14,0.81,True,False,False,0.23555555555555557,2.08,0.17,0.004444444444444445,True,jev-1.13.0,garicano-2026-07-09-v1,anthropic-observed-exposure-2026-03-v3
2624,Especialistas en políticas y servicios de personal y afines,13-1141,"Compensation, Benefits, and Job Analysis Specialists",0.0649,0.14552641414141415,0.5898989898989899,0.3717171717171717,1.1831978900760864,0.78,0.71,2,0.64,0.36,0.47,0,False,False,0.08,0.64,0.28,True,False,False,0.3111111111111111,2.86,0.35,0.006666666666666654,True,jev-1.13.0,garicano-2026-07-09-v1,anthropic-observed-exposure-2026-03-v3
2625,Especialistas en formación de personal,25-9031,Instructional Coordinators,0.3043,0.29007349000000004,0.5605,0.23049999999999998,1.155333882184345,0.56,0.94,2,0.66,0.42000000000000004,0.5,0,False,False,0.1,0.66,0.24,True,False,False,0.38666666666666666,3.5,0.35,0.0022222222222222365,True,jev-1.13.0,garicano-2026-07-09-v1,anthropic-observed-exposure-2026-03-v3
2630,Técnicos de empresas y actividades turísticas,13-1161,Market Research Analysts and Marketing Specialists,0.6483,0.2955525636363637,0.1976,0.025999999999999995,2.189930751850373,0.49,0.35,3,0.64,0.3,0.46,0,False,False,0.02,0.34,0.64,True,False,False,0.2922222222222222,2.6,0.38,0.0033333333333332993,True,jev-1.13.0,garicano-2026-07-09-v1,anthropic-observed-exposure-2026-03-v3
2640,Profesionales de ventas técnicas y médicas (excepto las TIC),41-4011,"Sales Representatives, Wholesale and Manufacturing, Technical and Scientific Products",0.2706,0.28037660999999997,0.9023999999999999,0.8639999999999999,0.5208576537362979,0.94,0.94,2,1.0,1.0,0.99,0,False,False,0.0,1.0,0.0,False,False,False,0.2132435465768799,1.92,0.55,8.978675645340828e-05,False,jev-1.13.0,garicano-2026-07-09-v1,anthropic-observed-exposure-2026-03-v3
2651,Profesionales de la publicidad y la comercialización,13-1161,Market Research Analysts and Marketing Specialists,0.6483,0.5606829707172737,0.6969696969696969,0.5296398326701357,1.0406007876778427,0.66,1.0,2,0.68,0.44000000000000006,0.51,0,False,False,0.24,0.68,0.08,False,False,False,0.42000000000000004,3.8,0.33,0.002222222222222181,True,jev-1.13.0,garicano-2026-07-09-v1,anthropic-observed-exposure-2026-03-v3
2652,Profesionales de relaciones públicas,27-3031,Public Relations Specialists,0.453,0.46017662,0.58,0.31439999999999996,1.2180566999844238,0.55,1.0,2,0.52,0.06,0.28,0,False,False,0.02,0.52,0.46,True,True,False,0.35111111111111115,3.17,0.42,0.0011111111111110628,True,jev-1.13.0,garicano-2026-07-09-v1,anthropic-observed-exposure-2026-03-v3
2653,Profesionales de la venta de tecnologías de la información y las comunicaci ones,41-4011,"Sales Representatives, Wholesale and Manufacturing, Technical and Scientific Products",0.2706,0.283391,0.93,0.89,0.3014425142507244,0.99,0.92,2,1.0,1.0,0.99,0,False,False,0.0,1.0,0.0,False,False,False,0.23333333333333334,2.12,0.51,0.0022222222222222365,False,jev-1.13.0,garicano-2026-07-09-v1,anthropic-observed-exposure-2026-03-v3
2711,Analistas de sistemas,15-1211,Computer Systems Analysts,0.2763,0.27360947,0.97,0.9501999999999999,0.16988518630773974,0.97,1.0,2,0.58,0.32999999999999996,0.38,0,False,False,0.17,0.58,0.25,False,True,False,0.44333333333333336,3.98,0.28,0.0011111111111111183,True,jev-1.13.0,garicano-2026-07-09-v1,anthropic-observed-exposure-2026-03-v3
2712,Analistas y diseñadores de software,15-1211,Computer Systems Analysts,0.2763,0.27739924,0.6076,0.23520000000000002,0.7698748642831305,0.98,0.59,1,0.74,0.49,0.61,0,False,False,0.74,0.25,0.01,False,False,False,0.5286195286195287,4.73,0.35,0.003063973063973102,True,jev-1.13.0,garicano-2026-07-09-v1,anthropic-observed-exposure-2026-03-v3
2713,"Analistas, programadores y diseñadores Web y multimedia 99",15-1254,Web Developers,0.4802,0.45148803000000004,0.8370000000000001,0.7812000000000001,0.6660767808363653,0.93,0.88,1,0.95,0.8999999999999999,0.92,0,False,False,0.95,0.05,0.0,False,False,False,0.5733333333333334,5.14,0.46,0.0022222222222222365,True,jev-1.13.0,garicano-2026-07-09-v1,anthropic-observed-exposure-2026-03-v3
2719,Analistas y diseñadores de software y multimedia no clasificados bajo otros epígrafes,15-1253,Software Quality Assurance Analysts and Testers,0.5195,0.517185,0.99,0.98,0.056001534354847345,0.99,0.98,1,0.95,0.8999999999999999,0.92,0,False,False,0.95,0.05,0.0,False,False,False,0.47333333333333333,4.23,0.16,0.0033333333333332993,True,jev-1.13.0,garicano-2026-07-09-v1,anthropic-observed-exposure-2026-03-v3
2721,Diseñadores y administradores de bases de datos,15-1243,Database Architects,0.5787,0.47240400000000005,0.5700000000000001,0.14000000000000007,0.6833149135741658,1.0,0.54,1,0.91,0.8300000000000001,0.87,0,False,False,0.91,0.08,0.01,True,False,False,0.4411111111111111,4.04,0.09,0.007777777777777772,True,jev-1.13.0,garicano-2026-07-09-v1,anthropic-observed-exposure-2026-03-v3
2722,Administradores de sistemas y redes,15-1244,Network and Computer Systems Administrators,0.3373,0.33450568999999997,0.99,0.9857,0.06936250944263865,0.99,1.0,1,0.76,0.52,0.64,0,False,False,0.76,0.24,0.0,False,False,False,0.40444444444444444,3.66,0.29,0.0022222222222222365,True,jev-1.13.0,garicano-2026-07-09-v1,anthropic-observed-exposure-2026-03-v3
2723,Analistas de redes informáticas,15-1241,Computer Network Architects,0.1987,0.23849637636363635,0.6013999999999999,0.37829999999999997,1.1733034983029098,0.96,0.59,1,0.72,0.43999999999999995,0.58,0,False,False,0.72,0.28,0.0,False,False,False,0.38333333333333336,3.44,0.36,0.0011111111111111183,True,jev-1.13.0,garicano-2026-07-09-v1,anthropic-observed-exposure-2026-03-v3
2729,Especialistas en bases de datos y en redes informát icas no clasificados bajo otros epígrafes,15-1212,Information Security Analysts,0.4859,0.48287,0.98,0.97,0.1119020568909309,0.99,0.97,1,0.5800000000000001,0.17000000000000004,0.37,1,False,False,0.5800000000000001,0.41000000000000003,0.010000000000000002,False,True,False,0.4555555555555556,4.11,0.12,0.0011111111111111183,True,jev-1.13.0,garicano-2026-07-09-v1,anthropic-observed-exposure-2026-03-v3
2810,Economistas,19-3011,Economists,0.2418,0.37585713000000004,0.44,0.032999999999999974,1.203501660681579,0.53,1.0,1,0.82,0.6499999999999999,0.74,0,False,False,0.82,0.17,0.01,True,False,False,0.3944444444444445,3.53,0.3,0.002222222222222292,True,jev-1.13.0,garicano-2026-07-09-v1,anthropic-observed-exposure-2026-03-v3
2821,"Sociólogos, geógrafos, antropólogos, arqueólogos y afines 104",19-3091,Anthropologists and Archeologists,0.1354,0.14903529999999998,0.5841,0.39599999999999996,1.1901375546325954,0.99,0.57,1,0.8,0.6100000000000001,0.7,0,False,False,0.8,0.19,0.01,True,False,False,0.24444444444444446,2.22,0.49,0.0022222222222222365,True,jev-1.13.0,garicano-2026-07-09-v1,anthropic-observed-exposure-2026-03-v3
2822,"Filósofos, historiadores y profesionales en ciencias políticas",19-3094,Political Scientists,0.452,0.28696876,0.576,0.39359999999999995,1.3289992565864734,0.95,0.58,1,0.89,0.8,0.83,0,False,False,0.89,0.09,0.02,True,False,False,0.30000000000000004,2.76,0.31,0.006666666666666599,True,jev-1.13.0,garicano-2026-07-09-v1,anthropic-observed-exposure-2026-03-v3
2823,Psicólogos,19-3033,Clinical and Counseling Psychologists,0.0591,0.02714213393939394,0.28600000000000003,0.09740000000000004,2.0195342772610125,0.41,0.64,2,0.87,0.75,0.8,0,False,False,0.01,0.87,0.12,True,False,False,0.20666666666666667,1.87,0.51,0.0011111111111111183,False,jev-1.13.0,garicano-2026-07-09-v1,anthropic-observed-exposure-2026-03-v3
2824,Profesionales del trabajo y la educación social,21-1021,"Child, Family, and School Social Workers",0.0074,0.004246,0.45,0.040000000000000036,1.178232073731385,1.0,0.4,3,0.54,0.08000000000000002,0.31,0,False,False,0.0,0.46,0.54,True,True,False,0.15888888888888889,1.47,0.61,0.004444444444444445,False,jev-1.13.0,garicano-2026-07-09-v1,anthropic-observed-exposure-2026-03-v3
2825,Agentes de igualdad de oportunidades entre mujeres y hombres,21-1093,Social and Human Service Assistants,0.0,0.05704977,0.3104,0.05820000000000003,1.9030636659455449,0.96,0.25,3,0.95,0.8999999999999999,0.93,0,False,False,0.0,0.05,0.95,True,False,False,0.23333333333333334,2.03,0.19,0.0077777777777778,True,jev-1.13.0,garicano-2026-07-09-v1,anthropic-observed-exposure-2026-03-v3
2830,Sacerdotes de las distintas religiones 108,21-2011,Clergy,0.1116,0.11603977777777777,0.8924242424242423,0.8454545454545453,0.5686888280644488,0.92,0.94,3,0.98,0.96,0.98,0,False,False,0.0,0.02,0.98,False,False,False,0.09222222222222222,0.88,0.65,0.005555555555555564,False,jev-1.13.0,garicano-2026-07-09-v1,anthropic-observed-exposure-2026-03-v3
2911,Archivistas y conservadores de museos,25-4012,Curators,0.4123,0.25775931,0.5074,0.20639999999999992,1.373392191514235,0.84,0.58,1,0.52,0.06,0.29,0,False,False,0.52,0.46,0.02,True,True,False,0.21777777777777776,1.94,0.54,0.0022222222222222088,False,jev-1.13.0,garicano-2026-07-09-v1,anthropic-observed-exposure-2026-03-v3
2912,"Bibliotecarios, documentalistas y afines",25-4022,Librarians and Media Collections Specialists,0.2032,0.202146,0.99,0.98,0.056001534354847345,0.99,1.0,1,0.76,0.52,0.64,0,False,False,0.76,0.24,0.0,False,False,False,0.31666666666666665,2.86,0.38,0.0011111111111111183,True,jev-1.13.0,garicano-2026-07-09-v1,anthropic-observed-exposure-2026-03-v3
2921,Escritores,27-3043,Writers and Authors,0.2462,0.24615983,0.9801,0.9702,0.13600904292074836,0.98,0.99,1,0.9,0.8300000000000001,0.86,0,False,False,0.9,0.03,0.07,False,False,False,0.33666666666666667,3.05,0.3,0.002222222222222181,True,jev-1.13.0,garicano-2026-07-09-v1,anthropic-observed-exposure-2026-03-v3
2922,Periodistas,27-3023,"News Analysts, Reporters, and Journalists",0.2098,0.20845334,0.99,0.986,0.07314926851669501,0.98,1.0,2,0.51,0.14,0.27,0,False,False,0.37,0.51,0.12,False,True,False,0.3255555555555556,2.91,0.42,0.0022222222222222365,True,jev-1.13.0,garicano-2026-07-09-v1,anthropic-observed-exposure-2026-03-v3
2923,"Filólogos, intérpretes y traductores 112",27-3091,Interpreters and Translators,0.4304,0.3168962772727273,0.49,0.26089999999999997,1.6492881785028148,0.45,1.0,1,0.96,0.9199999999999999,0.94,0,False,False,0.96,0.04,0.0,True,False,False,0.4633333333333333,4.15,0.1,0.002222222222222181,True,jev-1.13.0,garicano-2026-07-09-v1,anthropic-observed-exposure-2026-03-v3
2931,Artistas de artes plásticas y visuales,27-1013,"Fine Artists, Including Painters, Sculptors, and Illustrators",0.3565,0.3565,1.0,1.0,-0.0,1.0,1.0,1,0.52,0.17000000000000004,0.29,0,False,False,0.52,0.13,0.35,False,True,False,0.09777777777777778,0.93,0.63,0.00555555555555555,False,jev-1.13.0,garicano-2026-07-09-v1,anthropic-observed-exposure-2026-03-v3
2932,"Compositores, músicos y cantantes",27-2041,Music Directors and Composers,0.0368,0.033856000000000004,0.92,0.8400000000000001,0.2787693717685874,1.0,0.91,3,0.82,0.71,0.73,0,False,False,0.07,0.11,0.82,False,False,False,0.12222222222222223,1.12,0.55,0.0022222222222222227,False,jev-1.13.0,garicano-2026-07-09-v1,anthropic-observed-exposure-2026-03-v3
2933,Coreógrafos y bailarines,27-2032,Choreographers,0.0801,0.07289100000000001,0.91,0.8200000000000001,0.30253782309749805,1.0,0.89,3,0.89,0.8,0.83,0,False,False,0.02,0.09,0.89,False,False,False,0.043333333333333335,0.45,0.82,0.006666666666666668,False,jev-1.13.0,garicano-2026-07-09-v1,anthropic-observed-exposure-2026-03-v3
2934,"Directores de cine, de teatro y afines",27-2012,Producers and Directors,0.092,0.092,1.0,1.0,-0.0,0.99,1.0,3,0.82,0.6399999999999999,0.73,0,False,False,0.0,0.18,0.82,False,False,False,0.15888888888888889,1.45,0.62,0.0022222222222222088,False,jev-1.13.0,garicano-2026-07-09-v1,anthropic-observed-exposure-2026-03-v3
2935,Actores,27-2011,Actors,0.1011,0.1011,1.0,1.0,-0.0,1.0,1.0,3,0.99,0.98,0.97,0,False,False,0.0,0.01,0.99,False,False,False,0.05333333333333334,0.56,0.78,0.00888888888888889,False,jev-1.13.0,garicano-2026-07-09-v1,anthropic-observed-exposure-2026-03-v3
2936,"Locutores de radio, televisión y otros presentadores",27-3011,Broadcast Announcers and Radio Disc Jockeys,0.0634,0.0634,1.0,1.0,-0.0,1.0,1.0,3,0.61,0.39,0.41,0,False,False,0.22,0.17,0.61,False,False,False,0.1311111111111111,1.28,0.49,0.011111111111111127,True,jev-1.13.0,garicano-2026-07-09-v1,anthropic-observed-exposure-2026-03-v3
2937,Profesionales de espectáculos taurinos,27-2021,Athletes and Sports Competitors,0.0,0.009008,0.9,0.8200000000000001,0.38898615935646597,1.0,0.88,3,0.92,0.8500000000000001,0.88,0,False,False,0.01,0.07,0.92,False,False,False,0.007856341189674522,0.13,0.95,0.006588103254769924,False,jev-1.13.0,garicano-2026-07-09-v1,anthropic-observed-exposure-2026-03-v3
2939,Artistas creativos e interpretativos no clasificados bajo otros epígrafes,27-2011,Actors,0.1011,0.09783299999999999,0.87,0.8,0.5558905251023338,1.0,0.86,3,0.95,0.9199999999999999,0.92,0,False,False,0.02,0.03,0.95,False,False,False,0.012222222222222223,0.19,0.92,0.008888888888888889,False,jev-1.13.0,garicano-2026-07-09-v1,anthropic-observed-exposure-2026-03-v3
3110,Delineantes y dibujantes técnicos,17-3011,Architectural and Civil Drafters,0.0,0.021395900724415873,0.6293939393939394,0.356969696969697,1.0788077241143965,0.92,0.64,1,0.99,0.98,0.99,0,False,False,0.99,0.01,0.0,False,False,False,0.18888888888888888,1.76,0.3,0.006666666666666682,True,jev-1.13.0,garicano-2026-07-09-v1,anthropic-observed-exposure-2026-03-v3
3121,Técnicos en ciencias físicas y químicas,19-4031,Chemical Technicians,0.3148,0.24408917131313132,0.6859999999999999,0.40179999999999993,0.7723036142343199,0.98,0.68,1,0.87,0.74,0.8,0,False,False,0.87,0.13,0.0,False,False,False,0.13666666666666666,1.27,0.67,0.004444444444444445,False,jev-1.13.0,garicano-2026-07-09-v1,anthropic-observed-exposure-2026-03-v3
3122,Técnicos en construcción,17-3022,Civil Engineering Technologists and Technicians,0.0776,0.06631114909090909,0.6633,0.36260000000000003,0.8202456274153804,0.64,0.99,2,0.86,0.72,0.78,0,False,False,0.14,0.86,0.0,False,False,False,0.1388888888888889,1.27,0.68,0.0022222222222222088,False,jev-1.13.0,garicano-2026-07-09-v1,anthropic-observed-exposure-2026-03-v3
3123,Técnicos en electricidad,17-3023,Electrical and Electronic Engineering Technologists and Technicians,0.0202,0.01503216,0.5733,0.378,1.3900975822941828,0.61,0.9,2,0.72,0.43999999999999995,0.58,0,False,False,0.28,0.72,0.0,True,False,False,0.1411111111111111,1.28,0.67,0.0011111111111111183,False,jev-1.13.0,garicano-2026-07-09-v1,anthropic-observed-exposure-2026-03-v3
3124,Técnicos en electrónica (excepto electromedicina),17-3023,Electrical and Electronic Engineering Technologists and Technicians,0.0202,0.020995789001122332,0.7919191919191919,0.6253535353535353,0.7082751307327247,0.79,0.98,1,0.55,0.10000000000000003,0.33,0,False,False,0.55,0.45,0.0,False,True,False,0.17555555555555558,1.61,0.58,0.003333333333333327,False,jev-1.13.0,garicano-2026-07-09-v1,anthropic-observed-exposure-2026-03-v3
3125,"Técnicos en electrónica, especialidad en electromedicina",49-9062,Medical Equipment Repairers,0.0,0.01263173,0.7372,0.6164999999999999,1.0881296956044584,0.74,0.96,2,0.92,0.8500000000000001,0.89,0,False,False,0.07,0.92,0.01,False,False,False,0.1111111111111111,1.05,0.7,0.005555555555555564,False,jev-1.13.0,garicano-2026-07-09-v1,anthropic-observed-exposure-2026-03-v3
3126,Técnicos en mecánica,17-3027,Mechanical Engineering Technologists and Technicians,0.0683,0.05724389181818182,0.6142,0.45649999999999996,1.3649576132108083,0.81,0.72,2,0.7,0.39999999999999997,0.55,0,False,False,0.3,0.7,0.0,False,False,False,0.15333333333333332,1.43,0.6,0.005555555555555564,False,jev-1.13.0,garicano-2026-07-09-v1,anthropic-observed-exposure-2026-03-v3
3127,Técnicos y analistas de laboratorio en química industrial,17-2041,Chemical Engineers,0.0,0.10996136272727272,0.3709090909090909,0.08740909090909094,1.8049197454523673,0.5,0.66,1,0.67,0.34,0.5,0,False,False,0.67,0.33,0.0,True,False,False,0.16333333333333333,1.47,0.62,0.0,False,jev-1.13.0,garicano-2026-07-09-v1,anthropic-observed-exposure-2026-03-v3
3128,Técnicos en metalurgia y minas,17-2151,"Mining and Geological Engineers, Including Mining Safety Engineers",0.0,0.0058281808080808085,0.7394999999999999,0.6611999999999999,1.1939884436652182,0.86,0.84,2,0.58,0.15999999999999998,0.37,0,False,False,0.42,0.58,0.0,False,True,False,0.12555555555555553,1.18,0.67,0.005555555555555564,False,jev-1.13.0,garicano-2026-07-09-v1,anthropic-observed-exposure-2026-03-v3
3129,"Otros técnicos de las ciencias físicas, químicas, medioa mbientales y de las ingenierías",17-3029,"Engineering Technologists and Technicians, Except Drafters, All Other",0.0,0.01657857484848485,0.6222222222222223,0.528888888888889,1.676301450485029,0.74,0.78,2,0.71,0.42999999999999994,0.56,0,False,False,0.28,0.71,0.01,False,False,False,0.1577777777777778,1.47,0.63,0.005555555555555536,False,jev-1.13.0,garicano-2026-07-09-v1,anthropic-observed-exposure-2026-03-v3
3131,Técnicos en instalaciones de producción de energía,51-8013,Power Plant Operators,0.0257,0.014868080606060607,0.4896,0.10349999999999998,1.2531949934972855,0.48,0.96,1,0.56,0.12000000000000005,0.34,0,False,False,0.56,0.44,0.0,True,True,False,0.08666666666666667,0.84,0.66,0.006666666666666654,False,jev-1.13.0,garicano-2026-07-09-v1,anthropic-observed-exposure-2026-03-v3
3132,"Técnicos en instalaciones de tratamiento de residuos, de aguas y otros operadores en plantas similares",51-8031,Water and Wastewater Treatment Plant and System Operators,0.0,0.006732151515151515,0.6868686868686869,0.5765656565656565,1.23971865586108,0.66,1.0,1,0.81,0.6200000000000001,0.72,0,False,False,0.81,0.19,0.0,False,False,False,0.05666666666666667,0.59,0.77,0.008888888888888877,False,jev-1.13.0,garicano-2026-07-09-v1,anthropic-observed-exposure-2026-03-v3
3133,Técnicos en control de instalaciones de procesamiento de productos químicos,51-8091,Chemical Plant and System Operators,0.0,0.0011699352106927866,0.7984848484848485,0.7139393939393939,0.7872462903993895,0.93,0.84,1,0.74,0.48,0.62,0,False,False,0.74,0.26,0.0,False,False,False,0.09111111111111111,0.9,0.64,0.00888888888888889,False,jev-1.13.0,garicano-2026-07-09-v1,anthropic-observed-exposure-2026-03-v3
3134,Técnicos de refinerías de petróleo y gas natural,51-8093,"Petroleum Pump System Operators, Refinery Operators, and Gaugers",0.0405,0.03772344,0.88,0.8016,0.5452723696476737,0.86,1.0,1,0.6,0.19999999999999996,0.39,0,False,False,0.6,0.4,0.0,False,False,False,0.08444444444444445,0.82,0.67,0.006666666666666654,False,jev-1.13.0,garicano-2026-07-09-v1,anthropic-observed-exposure-2026-03-v3
3135,Técnicos en control de procesos de producción de metales,51-4051,Metal-Refining Furnace Operators and Tenders,0.0,0.003638002929292929,0.3434343434343434,0.18888888888888888,2.2311333570408225,0.83,0.39,1,0.56,0.12000000000000005,0.34,0,False,False,0.56,0.44,0.0,True,True,False,0.10333333333333333,1.01,0.6,0.00888888888888889,False,jev-1.13.0,garicano-2026-07-09-v1,anthropic-observed-exposure-2026-03-v3
3139,Técnicos en control de procesos no clasificados bajo otros epígrafes,51-9161,Computer Numerically Controlled Tool Operators,0.0215,0.009968465454545454,0.4393939393939394,0.13181818181818178,1.5829011771096804,0.86,0.49,1,0.92,0.8400000000000001,0.89,0,False,False,0.92,0.08,0.0,True,False,False,0.05,0.51,0.79,0.006666666666666668,False,jev-1.13.0,garicano-2026-07-09-v1,anthropic-observed-exposure-2026-03-v3
3141,Técnicos en ciencias biológicas (excepto en áreas sanitarias),19-4021,Biological Technicians,0.0599,0.05852396818181818,0.9506,0.9366,0.29343020579253526,0.96,0.97,1,0.87,0.74,0.81,0,False,False,0.87,0.13,0.0,False,False,False,0.15555555555555556,1.46,0.63,0.006666666666666654,False,jev-1.13.0,garicano-2026-07-09-v1,anthropic-observed-exposure-2026-03-v3
3142,Técnicos agropecuarios,19-4012,Agricultural Technicians,0.0058,0.0035813361616161615,0.4356,0.18079999999999996,1.6695964191747235,0.48,0.98,2,0.73,0.45999999999999996,0.59,0,False,False,0.27,0.73,0.0,True,False,False,0.10333333333333333,0.97,0.72,0.004444444444444445,False,jev-1.13.0,garicano-2026-07-09-v1,anthropic-observed-exposure-2026-03-v3
3143,Técnicos forestales y del medio natural,45-4011,Forest and Conservation Workers,0.0,0.004015658181818182,0.4675,0.11050000000000004,1.433524789608969,0.83,0.49,2,0.89,0.79,0.84,0,False,False,0.1,0.89,0.01,True,False,False,0.10444444444444445,0.96,0.73,0.0022222222222222088,False,jev-1.13.0,garicano-2026-07-09-v1,anthropic-observed-exposure-2026-03-v3
3151,Jefes y oficiales de máquinas,53-5031,Ship Engineers,0.0,0.01098474909090909,0.35000000000000003,0.13636363636363638,1.9052848289530628,0.42,1.0,2,0.87,0.74,0.81,0,False,False,0.13,0.87,0.0,True,False,False,0.06444444444444444,0.64,0.74,0.006666666666666668,False,jev-1.13.0,garicano-2026-07-09-v1,anthropic-observed-exposure-2026-03-v3
3152,Capitanes y oficiales de puente,53-5021,"Captains, Mates, and Pilots of Water Vessels",0.0,0.0016291396969696972,0.97,0.9607,0.19363222050882314,0.96,1.0,2,0.86,0.78,0.8,0,False,False,0.06,0.86,0.08,False,False,False,0.08444444444444445,0.79,0.68,0.003333333333333341,False,jev-1.13.0,garicano-2026-07-09-v1,anthropic-observed-exposure-2026-03-v3
3153,Pilotos de aviación y profesionales afines,53-2011,"Airline Pilots, Copilots, and Flight Engineers",0.0,0.0008880000000000001,0.97,0.9557575757575757,0.1738035298427278,0.96,1.0,2,0.64,0.28,0.45,0,False,False,0.36,0.64,0.0,False,False,False,0.08888888888888889,0.86,0.66,0.006666666666666668,False,jev-1.13.0,garicano-2026-07-09-v1,anthropic-observed-exposure-2026-03-v3
3154,Controladores de tráfico aéreo 134,53-2021,Air Traffic Controllers,0.0,0.00755244,0.78,0.712,0.9393261818148295,0.76,1.0,2,0.61,0.24,0.42,0,False,False,0.37,0.61,0.02,False,False,False,0.04777777777777778,0.53,0.79,0.011111111111111113,False,jev-1.13.0,garicano-2026-07-09-v1,anthropic-observed-exposure-2026-03-v3
3155,Técnicos en seguridad aeronáutica,17-3021,Aerospace Engineering and Operations Technologists and Technicians,0.0,0.01333831818181818,0.5727272727272726,0.3637272727272727,1.4695179068922979,0.67,0.79,1,0.6,0.19999999999999996,0.4,0,False,False,0.6,0.4,0.0,True,False,False,0.19,1.72,0.51,0.0011111111111111183,False,jev-1.13.0,garicano-2026-07-09-v1,anthropic-observed-exposure-2026-03-v3
3160,"Técnicos de control de calidad de las ciencias físicas, químicas y de las ingenierías",17-2111,"Health and Safety Engineers, Except Mining Safety Engineers and Inspectors",0.0,0.03888248626262627,0.1936,0.013600000000000001,2.6040630196030343,0.4,0.41,1,0.48,0.02999999999999997,0.23,0,False,False,0.48,0.45,0.07,True,True,False,0.10111111111111111,0.97,0.61,0.006666666666666668,False,jev-1.13.0,garicano-2026-07-09-v1,anthropic-observed-exposure-2026-03-v3
3201,Supervisores en ingeniería de minas,47-1011,First-Line Supervisors of Construction Trades and Extraction Workers,0.0296,0.026272900000000002,0.65,0.503,1.2631076688633343,0.62,1.0,3,0.61,0.22999999999999998,0.41,0,False,False,0.01,0.38,0.61,False,False,False,0.07444444444444444,0.71,0.72,0.004444444444444445,False,jev-1.13.0,garicano-2026-07-09-v1,anthropic-observed-exposure-2026-03-v3
3202,Supervisores de la construcción,47-1011,First-Line Supervisors of Construction Trades and Extraction Workers,0.0296,0.04142546,0.86,0.73,0.449045853721483,0.85,1.0,2,0.68,0.37000000000000005,0.52,0,False,False,0.01,0.68,0.31,False,False,False,0.09888888888888889,0.9,0.64,0.0011111111111111183,False,jev-1.13.0,garicano-2026-07-09-v1,anthropic-observed-exposure-2026-03-v3
3203,Supervisores de industrias alimenticias y del tabaco,51-1011,First-Line Supervisors of Production and Operating Workers,0.0,0.0017261199999999998,0.89,0.7822,0.35729963937943665,0.88,0.99,3,0.47,0.019999999999999962,0.2,1,False,False,0.08,0.45,0.47,False,True,False,0.14222222222222222,1.31,0.65,0.003333333333333327,False,jev-1.13.0,garicano-2026-07-09-v1,anthropic-observed-exposure-2026-03-v3
3204,Supervisores de industrias química y farmacéutica 138,51-1011,First-Line Supervisors of Production and Operating Workers,0.0,0.001929101414141414,0.8439,0.7275,0.5852369242940517,0.85,0.96,2,0.58,0.27999999999999997,0.36,0,False,False,0.12,0.58,0.3,False,True,False,0.07,0.68,0.73,0.00555555555555555,False,jev-1.13.0,garicano-2026-07-09-v1,anthropic-observed-exposure-2026-03-v3
3205,"Supervisores de industrias de transformación de plásticos, caucho y resinas naturales",51-1011,First-Line Supervisors of Production and Operating Workers,0.0,0.00123786,0.8827,0.7936000000000001,0.43019333423302203,0.9,0.96,2,0.58,0.29,0.37,0,False,False,0.13,0.58,0.29,False,True,False,0.05333333333333334,0.52,0.79,0.004444444444444445,False,jev-1.13.0,garicano-2026-07-09-v1,anthropic-observed-exposure-2026-03-v3
3206,Supervisores de industrias de la madera y pastero papeleras 139,51-1011,First-Line Supervisors of Production and Operating Workers,0.0,0.0019495199999999997,0.88,0.7636000000000001,0.3853855024601429,0.87,0.99,2,0.6,0.3,0.39,0,False,False,0.1,0.6,0.3,False,False,False,0.05666666666666667,0.56,0.78,0.005555555555555557,False,jev-1.13.0,garicano-2026-07-09-v1,anthropic-observed-exposure-2026-03-v3
3207,Supervisores de la producción en industrias de artes gráficas y en la fabricación de productos de papel,51-1011,First-Line Supervisors of Production and Operating Workers,0.0,0.00086676,0.9400000000000001,0.8806,0.2303276145618952,0.93,0.99,2,0.63,0.39,0.44,0,False,False,0.13,0.63,0.24,False,False,False,0.05666666666666667,0.55,0.78,0.004444444444444445,False,jev-1.13.0,garicano-2026-07-09-v1,anthropic-observed-exposure-2026-03-v3
3209,Supervisores de otras industrias manufactureras,51-1011,First-Line Supervisors of Production and Operating Workers,0.0,0.0019329599999999998,0.88,0.7648,0.38977749769498066,0.86,1.0,3,0.5,0.030000000000000027,0.25,0,False,False,0.03,0.47,0.5,False,True,False,0.1388888888888889,1.27,0.67,0.0022222222222222088,False,jev-1.13.0,garicano-2026-07-09-v1,anthropic-observed-exposure-2026-03-v3
3311,Técnicos en radioterapia,29-1124,Radiation Therapists,0.0,0.00024276000000000004,0.97,0.9607,0.1822924814484475,0.96,1.0,2,0.72,0.43999999999999995,0.57,0,False,False,0.28,0.72,0.0,False,False,False,0.08333333333333333,0.81,0.67,0.006666666666666682,False,jev-1.13.0,garicano-2026-07-09-v1,anthropic-observed-exposure-2026-03-v3
3312,Técnicos en imagen para el diagnóstico,29-2034,Radiologic Technologists and Technicians,0.0,0.0007121100000000001,0.93,0.8803000000000001,0.32406627030692414,0.91,0.99,1,0.83,0.6599999999999999,0.74,0,False,False,0.83,0.17,0.0,False,False,False,0.07888888888888888,0.76,0.7,0.005555555555555564,False,jev-1.13.0,garicano-2026-07-09-v1,anthropic-observed-exposure-2026-03-v3
3313,Técnicos en anatomía patológica y citología,29-1222,"Physicians, Pathologists",0.1577,0.07996112242424241,0.3696,0.008400000000000019,1.61225331149966,0.82,0.42,1,0.71,0.42,0.57,0,False,False,0.71,0.29,0.0,True,False,False,0.06444444444444444,0.66,0.74,0.00888888888888889,False,jev-1.13.0,garicano-2026-07-09-v1,anthropic-observed-exposure-2026-03-v3
3314,Técnicos en laboratorio de diagnóstico clínico,29-2099,"Health Technologists and Technicians, All Other",0.0445,0.05028309,0.5504,0.4386,1.6395413163047572,0.84,0.62,1,0.91,0.8200000000000001,0.86,0,False,False,0.91,0.09,0.0,True,False,False,0.08333333333333333,0.84,0.67,0.009999999999999995,False,jev-1.13.0,garicano-2026-07-09-v1,anthropic-observed-exposure-2026-03-v3
3315,Técnicos en ortoprótesis,29-2091,Orthotists and Prosthetists,0.0,0.005215009999999999,0.52,0.2329,1.4135612463194702,0.49,1.0,2,0.89,0.78,0.83,0,False,False,0.11,0.89,0.0,True,False,False,0.05777777777777778,0.57,0.77,0.005555555555555543,False,jev-1.13.0,garicano-2026-07-09-v1,anthropic-observed-exposure-2026-03-v3
3316,Técnicos en prótesis dentales,51-9081,Dental Laboratory Technicians,0.0,0.001439577575757576,0.42569999999999997,0.032972727272727265,1.4534795465740822,0.44,0.98,1,0.72,0.43999999999999995,0.58,0,False,False,0.72,0.28,0.0,True,False,False,0.04,0.44,0.82,0.00888888888888889,False,jev-1.13.0,garicano-2026-07-09-v1,anthropic-observed-exposure-2026-03-v3
3317,Técnicos en audioprótesis 144,29-2092,Hearing Aid Specialists,0.0,0.0005972359595959597,0.8118,0.7559,0.8950746413227181,0.81,0.98,2,0.91,0.8200000000000001,0.87,0,False,False,0.09,0.91,0.0,False,False,False,0.05888888888888889,0.59,0.76,0.006666666666666654,False,jev-1.13.0,garicano-2026-07-09-v1,anthropic-observed-exposure-2026-03-v3
3321,Técnicos superiores en higiene bucodental,29-1292,Dental Hygienists,0.0,0.0,0.6900000000000001,0.38000000000000006,0.619100664425587,0.67,1.0,2,0.85,0.7,0.77,0,False,False,0.15,0.85,0.0,False,False,False,0.05888888888888889,0.59,0.76,0.006666666666666654,False,jev-1.13.0,garicano-2026-07-09-v1,anthropic-observed-exposure-2026-03-v3
3322,Técnicos superiores en documentación sanitaria,43-6013,Medical Secretaries and Administrative Assistants,0.3623,0.42496461850831546,0.5838383838383838,0.3886868686868687,1.430903713106042,0.66,0.84,1,0.96,0.9199999999999999,0.93,0,False,False,0.96,0.04,0.0,True,False,False,0.3111111111111111,2.85,0.0,0.005555555555555536,True,jev-1.13.0,garicano-2026-07-09-v1,anthropic-observed-exposure-2026-03-v3
3323,Técnicos superiores en dietética,29-1031,Dietitians and Nutritionists,0.1328,0.13228783131313132,0.9025,0.855,0.4945069370443553,0.94,0.94,2,0.87,0.74,0.81,0,False,False,0.13,0.87,0.0,False,False,False,0.16555555555555557,1.55,0.38,0.006666666666666654,True,jev-1.13.0,garicano-2026-07-09-v1,anthropic-observed-exposure-2026-03-v3
3324,Técnicos en optometría,29-2081,"Opticians, Dispensing",0.0,0.012653873939393939,0.40590000000000004,0.21390000000000003,1.9240821433819948,0.45,0.99,1,0.54,0.08000000000000002,0.31,0,False,False,0.54,0.46,0.0,True,True,False,0.06555555555555555,0.66,0.73,0.007777777777777786,False,jev-1.13.0,garicano-2026-07-09-v1,anthropic-observed-exposure-2026-03-v3
3325,Ayudantes fisioterapeutas,31-2021,Physical Therapist Assistants,0.0,0.005666484848484849,0.6983999999999999,0.47749090909090897,0.9462551795470233,0.7,0.97,2,0.84,0.6799999999999999,0.76,0,False,False,0.16,0.84,0.0,False,False,False,0.05222222222222222,0.53,0.79,0.006666666666666675,False,jev-1.13.0,garicano-2026-07-09-v1,anthropic-observed-exposure-2026-03-v3
3326,Técnicos en prevención de riesgos laborales y salud ambiental,17-2111,"Health and Safety Engineers, Except Mining Safety Engineers and Inspectors",0.0,0.02157399202020202,0.35519999999999996,0.12085656565656558,2.2633063855426583,0.33,0.94,2,0.76,0.54,0.64,0,False,False,0.22,0.76,0.02,True,False,False,0.15888888888888889,1.46,0.61,0.003333333333333327,False,jev-1.13.0,garicano-2026-07-09-v1,anthropic-observed-exposure-2026-03-v3
3327,Ayudantes de veterinaria,29-2056,Veterinary Technologists and Technicians,0.0,0.008288819999999999,0.55,0.11000000000000004,0.7490117670502247,0.52,0.99,2,0.88,0.76,0.82,0,False,False,0.12,0.88,0.0,True,False,False,0.05666666666666667,0.55,0.78,0.004444444444444445,False,jev-1.13.0,garicano-2026-07-09-v1,anthropic-observed-exposure-2026-03-v3
3329,Técnicos de la sanidad no clasificados bajo otros epígrafes,29-1011,Chiropractors,0.0,0.011588040404040404,0.543030303030303,0.31030303030303025,1.509677180115934,0.95,0.54,2,1.0,1.0,0.99,0,False,False,0.0,1.0,0.0,True,False,False,0.10101010101010101,1.0,0.6,0.010101010101010097,False,jev-1.13.0,garicano-2026-07-09-v1,anthropic-observed-exposure-2026-03-v3
3331,"Profesionales de la acupuntura, la naturopatía, la homeopatía, la medicina tradicional china y la ayurveda",29-1291,Acupuncturists,0.0,0.005175393939393939,0.7899999999999999,0.6199999999999999,0.6869703974419642,0.98,0.77,2,0.95,0.8999999999999999,0.92,0,False,False,0.0,0.95,0.05,False,False,False,0.09000000000000001,0.86,0.66,0.00555555555555555,False,jev-1.13.0,garicano-2026-07-09-v1,anthropic-observed-exposure-2026-03-v3
3339,Otros profesionales de las terapias alternativas,29-1299,"Healthcare Diagnosing or Treating Practitioners, All Other",0.0222,0.015349712626262627,0.441,0.11699999999999999,1.640035661582571,0.89,0.47,2,0.79,0.5900000000000001,0.68,0,False,False,0.01,0.79,0.2,True,False,False,0.04,0.41,0.83,0.00555555555555555,False,jev-1.13.0,garicano-2026-07-09-v1,anthropic-observed-exposure-2026-03-v3
3401,"Profesionales de apoyo e intermediarios de cambio, bolsa y finanzas",13-2052,Personal Financial Advisors,0.3504,0.37904248999999995,0.8050999999999999,0.6692999999999999,0.6723176345865594,0.96,0.82,2,0.75,0.62,0.63,0,False,False,0.12,0.75,0.13,False,False,False,0.32,2.81,0.0,0.007777777777777772,True,jev-1.13.0,garicano-2026-07-09-v1,anthropic-observed-exposure-2026-03-v3
3402,Comerciales de préstamos y créditos,13-2072,Loan Officers,0.1857,0.19261063,0.97,0.9516,0.16087273223892146,0.96,1.0,2,0.5,0.12,0.24,0,False,False,0.38,0.5,0.12,False,True,False,0.30666666666666664,2.81,0.0,0.005555555555555591,True,jev-1.13.0,garicano-2026-07-09-v1,anthropic-observed-exposure-2026-03-v3
3403,Tenedores de libros,13-2011,Accountants and Auditors,0.3478,0.32725934,0.7209000000000001,0.5309000000000001,0.8477617822706681,0.79,0.88,1,0.99,0.98,0.99,0,False,False,0.99,0.01,0.0,False,False,False,0.36444444444444446,3.22,0.0,0.006666666666666654,True,jev-1.13.0,garicano-2026-07-09-v1,anthropic-observed-exposure-2026-03-v3
3404,"Profesionales de apoyo en servicios estadísticos, matemáticos y afines",15-2041,Statisticians,0.2107,0.308966703030303,0.3046464646464646,0.1406060606060606,2.4172036067091516,0.54,0.49,1,0.87,0.74,0.8,0,False,False,0.87,0.13,0.0,True,False,False,0.30864197530864196,2.8,0.39,0.002469135802469158,True,jev-1.13.0,garicano-2026-07-09-v1,anthropic-observed-exposure-2026-03-v3
3405,Tasadores,13-1032,"Insurance Appraisers, Auto Damage",0.0,0.05503884848484848,0.48848484848484847,0.08454545454545453,1.2237392759914978,0.91,0.49,1,0.58,0.19999999999999996,0.37,0,False,False,0.58,0.38,0.04,True,True,False,0.19111111111111112,1.7,0.32,0.0022222222222222365,True,jev-1.13.0,garicano-2026-07-09-v1,anthropic-observed-exposure-2026-03-v3
3510,Agentes y representantes comerciales,41-4012,"Sales Representatives, Wholesale and Manufacturing, Except Technical and Scientific Products",0.6279,0.624327,0.99,0.98,0.056001534354847345,1.0,0.98,2,1.0,1.0,0.99,0,False,False,0.0,1.0,0.0,False,False,False,0.1922222222222222,1.77,0.54,0.004444444444444445,False,jev-1.13.0,garicano-2026-07-09-v1,anthropic-observed-exposure-2026-03-v3
3521,Mediadores y agentes de seguros,41-3021,Insurance Sales Agents,0.3188,0.30059215,0.6900000000000001,0.4978,0.9438417143585842,0.66,1.0,2,0.98,0.96,0.96,0,False,False,0.0,0.98,0.02,False,False,False,0.26555555555555554,2.36,0.4,0.003333333333333355,True,jev-1.13.0,garicano-2026-07-09-v1,anthropic-observed-exposure-2026-03-v3
3522,Agentes de compras 156,13-1081,Logisticians,0.1571,0.20320407999999998,0.6816,0.6222,1.3371111389756587,0.69,0.94,2,0.69,0.5299999999999999,0.54,0,False,False,0.16,0.69,0.15,False,False,False,0.31,2.82,0.32,0.0033333333333332993,True,jev-1.13.0,garicano-2026-07-09-v1,anthropic-observed-exposure-2026-03-v3
3523,Consignatarios,13-1081,Logisticians,0.1571,0.2564884,0.40890000000000004,0.14990000000000003,1.8346354954915092,0.43,0.86,2,0.79,0.6000000000000001,0.69,0,False,False,0.02,0.79,0.19,True,False,False,0.21000000000000002,1.86,0.25,0.003333333333333355,True,jev-1.13.0,garicano-2026-07-09-v1,anthropic-observed-exposure-2026-03-v3
3531,Representantes de aduanas,13-1081,Logisticians,0.1571,0.09847304999999999,0.3712,0.1645333333333333,1.933753584285483,0.55,0.61,1,0.71,0.42999999999999994,0.57,0,False,False,0.71,0.28,0.01,True,False,False,0.23444444444444443,2.14,0.15,0.003333333333333355,True,jev-1.13.0,garicano-2026-07-09-v1,anthropic-observed-exposure-2026-03-v3
3532,Organizadores de conferencias y eventos 158,13-1121,"Meeting, Convention, and Event Planners",0.1023,0.16314112474747475,0.34,0.2743434343434344,2.8637602807977642,0.3,1.0,2,0.94,0.8799999999999999,0.9,0,False,False,0.0,0.94,0.06,True,False,False,0.25222222222222224,2.3,0.47,0.0033333333333332993,True,jev-1.13.0,garicano-2026-07-09-v1,anthropic-observed-exposure-2026-03-v3
3533,Agentes o intermediarios en la contratación de la mano de obra (excep to representantes de espectáculos),13-1071,Human Resources Specialists,0.4034,0.29732703707070707,0.333,0.17502020202020205,2.4143900624099475,0.33,0.88,2,0.81,0.6900000000000001,0.72,0,False,False,0.07,0.81,0.12,True,False,False,0.23777777777777778,2.1,0.44,0.004444444444444445,True,jev-1.13.0,garicano-2026-07-09-v1,anthropic-observed-exposure-2026-03-v3
3534,Agentes y administradores de la propiedad inmobiliaria,41-9022,Real Estate Sales Agents,0.2828,0.2507632282420161,0.6226262626262625,0.4925252525252524,1.3684963174847748,0.65,0.92,2,0.94,0.8899999999999999,0.92,0,False,False,0.01,0.94,0.05,False,False,False,0.19777777777777777,1.78,0.51,0.0,False,jev-1.13.0,garicano-2026-07-09-v1,anthropic-observed-exposure-2026-03-v3
3535,Portavoces y agentes de relaciones públicas,27-3031,Public Relations Specialists,0.453,0.35011501,0.46549999999999997,0.31829999999999997,1.7448017723008775,0.46,0.94,2,0.69,0.44999999999999996,0.53,0,False,False,0.24,0.69,0.07,True,False,False,0.31222222222222223,2.81,0.33,0.0,True,jev-1.13.0,garicano-2026-07-09-v1,anthropic-observed-exposure-2026-03-v3
3539,Representantes artísticos y deportivos y otros agentes de servicios comerciales no clasificados bajo otros epígrafes,41-3011,Advertising Sales Agents,0.1482,0.22832832545454546,0.3132,0.12410909090909086,2.1949286059983253,0.51,0.55,2,0.5700000000000001,0.15000000000000002,0.36,0,False,False,0.010000000000000002,0.5700000000000001,0.42000000000000004,True,True,False,0.19777777777777777,1.73,0.49,0.005555555555555564,True,jev-1.13.0,garicano-2026-07-09-v1,anthropic-observed-exposure-2026-03-v3
3611,Supervisores de secretaría,11-3012,Administrative Services Managers,0.0,0.0945134,0.5238,0.14380000000000004,1.0790558633224132,0.5,0.96,3,0.67,0.45000000000000007,0.5,0,False,False,0.11,0.22,0.67,True,False,False,0.31222222222222223,2.84,0.36,0.0033333333333332993,True,jev-1.13.0,garicano-2026-07-09-v1,anthropic-observed-exposure-2026-03-v3
3612,Asistentes jurídico-legales,43-6012,Legal Secretaries and Administrative Assistants,0.0,0.143423,0.51,0.020000000000000018,0.6929471672244782,0.48,1.0,1,0.6,0.19999999999999996,0.39,0,False,False,0.6,0.4,0.0,True,False,False,0.3433333333333334,3.1,0.34,0.0011111111111110628,True,jev-1.13.0,garicano-2026-07-09-v1,anthropic-observed-exposure-2026-03-v3
3613,Asistentes de dirección y administrativos,43-6011,Executive Secretaries and Executive Administrative Assistants,0.2336,0.23198474,0.9602999999999999,0.9480999999999999,0.23242091508751742,0.96,0.98,2,0.69,0.44999999999999996,0.53,0,False,False,0.24,0.69,0.07,False,False,False,0.41222222222222227,3.67,0.3,0.004444444444444473,True,jev-1.13.0,garicano-2026-07-09-v1,anthropic-observed-exposure-2026-03-v3
3614,Secretarios de centros médicos o clínicas,43-6013,Medical Secretaries and Administrative Assistants,0.3623,0.35096252525252525,0.9393939393939393,0.9002020202020201,0.30027353239960514,0.93,1.0,1,0.5,0.0,0.25,0,False,False,0.5,0.5,0.0,False,True,False,0.31444444444444447,2.83,0.31,0.0,True,jev-1.13.0,garicano-2026-07-09-v1,anthropic-observed-exposure-2026-03-v3
3621,Profesionales de apoyo de la Administración Pública de tributos,13-2081,"Tax Examiners and Collectors, and Revenue Agents",0.0275,0.0491385103030303,0.85,0.8213,0.7887993802079616,0.83,0.99,1,0.6799999999999999,0.4799999999999999,0.53,0,False,False,0.6799999999999999,0.2,0.12,False,False,False,0.26333333333333336,2.43,0.03,0.006666666666666654,True,jev-1.13.0,garicano-2026-07-09-v1,anthropic-observed-exposure-2026-03-v3
3622,Profesionales de apoyo de la Administración Pública de servicios sociales,21-1093,Social and Human Service Assistants,0.0,0.031693005252525254,0.6144,0.38439999999999996,1.2633723971093314,0.62,0.94,1,0.62,0.33999999999999997,0.43,0,False,False,0.62,0.28,0.1,False,False,False,0.2711111111111111,2.37,0.05,0.007777777777777717,True,jev-1.13.0,garicano-2026-07-09-v1,anthropic-observed-exposure-2026-03-v3
3623,Profesionales de apoyo de la Administración Pública de servicios de expedición de licencias,43-4031,"Court, Municipal, and License Clerks",0.102,0.1208492805050505,0.6,0.47259999999999996,1.539165387499978,0.57,0.99,1,0.79,0.65,0.67,0,False,False,0.79,0.14,0.07,False,False,False,0.22444444444444445,2.07,0.17,0.005555555555555536,True,jev-1.13.0,garicano-2026-07-09-v1,anthropic-observed-exposure-2026-03-v3
3629,Otros profesionales de apoyo de la Administración Pública para tareas de inspección y control y tareas similares,33-9099,"Protective Service Workers, All Other",0.0571,0.03335614,0.31150000000000005,0.04450000000000004,1.8447315390714998,0.89,0.3,2,0.39,0.06,0.08,0,False,False,0.28,0.39,0.33,True,True,False,0.1111111111111111,1.06,0.57,0.006666666666666682,False,jev-1.13.0,garicano-2026-07-09-v1,anthropic-observed-exposure-2026-03-v3
3631,"Técnicos de la policía nacional, autonómica y local",33-3021,Detectives and Criminal Investigators,0.0374,0.044242000000000004,0.82,0.71,0.5916782127897111,0.99,0.81,2,0.54,0.09000000000000002,0.3,0,False,False,0.01,0.54,0.45,False,True,False,0.11,1.06,0.71,0.007777777777777786,False,jev-1.13.0,garicano-2026-07-09-v1,anthropic-observed-exposure-2026-03-v3
3632,Suboficiales de la guardia civil,33-3021,Detectives and Criminal Investigators,0.0374,0.062938,0.66,0.35000000000000003,0.7425036542002118,1.0,0.63,2,0.58,0.17999999999999994,0.37,0,False,False,0.02,0.58,0.4,False,True,False,0.07444444444444445,0.74,0.7,0.007777777777777772,False,jev-1.13.0,garicano-2026-07-09-v1,anthropic-observed-exposure-2026-03-v3
3711,Profesionales de apoyo de servicios jurídicos y servicios similares,23-2011,Paralegals and Legal Assistants,0.2927,0.20643986,0.6794,0.5141,1.0519783422981235,0.77,0.82,2,0.55,0.12000000000000005,0.32,0,False,False,0.43,0.55,0.02,False,True,False,0.3277777777777778,2.98,0.37,0.003333333333333355,True,jev-1.13.0,garicano-2026-07-09-v1,anthropic-observed-exposure-2026-03-v3
3712,Detectives privados,33-9021,Private Detectives and Investigators,0.0,0.00782587696969697,0.96,0.9384,0.21745133637306535,0.95,1.0,2,0.83,0.69,0.74,0,False,False,0.14,0.83,0.03,False,False,False,0.13111111111111112,1.23,0.64,0.005555555555555536,False,jev-1.13.0,garicano-2026-07-09-v1,anthropic-observed-exposure-2026-03-v3
3713,Profesionales de apoyo al trabajo y a la educación social,21-1093,Social and Human Service Assistants,0.0,7.400000000000001e-05,0.74,0.52,0.707174308618133,0.98,0.71,2,0.69,0.37999999999999995,0.54,0,False,False,0.0,0.69,0.31,False,False,False,0.17666666666666667,1.64,0.55,0.005555555555555536,False,jev-1.13.0,garicano-2026-07-09-v1,anthropic-observed-exposure-2026-03-v3
3714,Promotores de igualdad de oportunidades entre mujeres y hombres,21-1093,Social and Human Service Assistants,0.0,0.018912,0.53,0.25,1.2764038417261911,0.99,0.48,3,0.56,0.12000000000000005,0.34,0,False,False,0.0,0.44,0.56,True,True,False,0.15444444444444447,1.42,0.43,0.0033333333333332993,True,jev-1.13.0,garicano-2026-07-09-v1,anthropic-observed-exposure-2026-03-v3
3715,Animadores comunitarios,21-1093,Social and Human Service Assistants,0.0,0.0015240000000000002,0.82,0.74,0.7039365681321348,0.99,0.81,3,0.71,0.42,0.56,0,False,False,0.0,0.29,0.71,False,False,False,0.09555555555555556,0.92,0.63,0.006666666666666668,False,jev-1.13.0,garicano-2026-07-09-v1,anthropic-observed-exposure-2026-03-v3
3716,Auxiliares laicos de las religiones,21-2011,Clergy,0.1116,0.11661540000000001,0.4753,0.09699999999999998,1.2037995799910755,0.96,0.43,3,0.96,0.9199999999999999,0.94,0,False,False,0.0,0.04,0.96,True,False,False,0.06666666666666667,0.68,0.73,0.00888888888888889,False,jev-1.13.0,garicano-2026-07-09-v1,anthropic-observed-exposure-2026-03-v3
3721,Atletas y deportistas,27-2021,Athletes and Sports Competitors,0.0,0.0,1.0,1.0,-0.0,0.99,1.0,3,0.8099999999999999,0.7,0.72,0,False,False,0.11,0.08,0.8099999999999999,False,False,False,0.04152637485970819,0.42,0.83,0.0051402918069584705,False,jev-1.13.0,garicano-2026-07-09-v1,anthropic-observed-exposure-2026-03-v3
3722,Entrenadores y árbitros de actividades deportivas,27-2022,Coaches and Scouts,0.0,0.006066843636363636,0.6120000000000001,0.32400000000000007,1.0327371787618473,0.89,0.66,2,0.65,0.31,0.49,0,False,False,0.01,0.65,0.34,False,False,False,0.07777777777777778,0.77,0.69,0.007777777777777772,False,jev-1.13.0,garicano-2026-07-09-v1,anthropic-observed-exposure-2026-03-v3
3723,Instructores de actividades deportivas,27-2022,Coaches and Scouts,0.0,0.00968082828282828,0.5454545454545454,0.25010101010101005,1.217816761564259,0.51,0.99,2,0.95,0.9199999999999999,0.93,0,False,False,0.02,0.95,0.03,True,False,False,0.05444444444444444,0.55,0.78,0.006666666666666675,False,jev-1.13.0,garicano-2026-07-09-v1,anthropic-observed-exposure-2026-03-v3
3724,Monitores de actividades recreativas y de entretenimiento,27-2022,Coaches and Scouts,0.0,0.020206480000000002,0.5082,0.3082,1.7368212336495121,0.63,0.75,2,0.79,0.5800000000000001,0.67,0,False,False,0.0,0.79,0.21,True,False,False,0.08222222222222222,0.79,0.68,0.005555555555555564,False,jev-1.13.0,garicano-2026-07-09-v1,anthropic-observed-exposure-2026-03-v3
3731,Fotógrafos,27-4021,Photographers,0.195,0.195,1.0,1.0,-0.0,0.99,1.0,1,0.62,0.24,0.42,0,False,False,0.62,0.38,0.0,False,False,False,0.16777777777777778,1.55,0.58,0.004444444444444445,False,jev-1.13.0,garicano-2026-07-09-v1,anthropic-observed-exposure-2026-03-v3
3732,Diseñadores y decoradores de interior,27-1025,Interior Designers,0.0,0.00738914,0.89,0.7976,0.41161220476891,0.88,1.0,2,0.95,0.9199999999999999,0.93,0,False,False,0.03,0.95,0.02,False,False,False,0.18444444444444444,1.7,0.54,0.004444444444444445,False,jev-1.13.0,garicano-2026-07-09-v1,anthropic-observed-exposure-2026-03-v3
3733,"Técnicos en galerías de arte, museos y bibliotecas",27-1027,Set and Exhibit Designers,0.0,0.03169387333333334,0.36719999999999997,0.18871515151515147,1.9308204417568644,0.47,0.71,2,0.55,0.10000000000000003,0.33,0,False,False,0.45,0.55,0.0,True,True,False,0.17777777777777776,1.63,0.59,0.003333333333333355,False,jev-1.13.0,garicano-2026-07-09-v1,anthropic-observed-exposure-2026-03-v3
3734,Chefs,35-1011,Chefs and Head Cooks,0.0,5.512000000000001e-05,0.96,0.9204,0.1701842091083669,0.95,1.0,2,0.91,0.8400000000000001,0.87,0,False,False,0.02,0.91,0.07,False,False,False,0.06888888888888889,0.74,0.7,0.013333333333333336,False,jev-1.13.0,garicano-2026-07-09-v1,anthropic-observed-exposure-2026-03-v3
3739,Otros técnicos y profesionales de apoyo de actividades culturales y artísticas,27-4011,Audio and Video Technicians,0.0173,0.05441834393939394,0.291,0.019399999999999973,1.9550968145032255,0.97,0.27,2,0.88,0.79,0.81,0,False,False,0.09,0.88,0.03,True,False,False,0.07333333333333333,0.73,0.71,0.007777777777777772,False,jev-1.13.0,garicano-2026-07-09-v1,anthropic-observed-exposure-2026-03-v3
3811,Técnicos en operaciones de sistemas informáticos,15-1244,Network and Computer Systems Administrators,0.3373,0.3166161563636363,0.6612,0.5568,1.3941728826489244,0.86,0.74,1,0.96,0.9199999999999999,0.95,0,False,False,0.96,0.04,0.0,False,False,False,0.17666666666666667,1.64,0.34,0.005555555555555536,True,jev-1.13.0,garicano-2026-07-09-v1,anthropic-observed-exposure-2026-03-v3
3812,Técnicos en asistencia al usuario de tecnologías de la información 178,15-1232,Computer User Support Specialists,0.4685,0.43124579,0.8811,0.7971,0.4965301873423554,0.87,0.99,1,0.59,0.18,0.38,0,False,False,0.59,0.41,0.0,False,True,False,0.31222222222222223,2.82,0.36,0.0011111111111110628,True,jev-1.13.0,garicano-2026-07-09-v1,anthropic-observed-exposure-2026-03-v3
3813,Técnicos en redes,15-1231,Computer Network Support Specialists,0.2867,0.24295747939393944,0.6241000000000001,0.4565242424242425,1.0678993678047801,0.77,0.76,1,0.53,0.06000000000000005,0.3,0,False,False,0.53,0.47,0.0,False,True,False,0.29222222222222227,2.68,0.39,0.005555555555555536,True,jev-1.13.0,garicano-2026-07-09-v1,anthropic-observed-exposure-2026-03-v3
3814,Técnicos de la Web,15-1244,Network and Computer Systems Administrators,0.3373,0.35782404509743904,0.6646464646464646,0.4082828282828282,0.9565597802201669,0.93,0.68,1,0.65,0.30000000000000004,0.48,0,False,False,0.65,0.35,0.0,False,False,False,0.40222222222222226,3.64,0.3,0.002222222222222181,True,jev-1.13.0,garicano-2026-07-09-v1,anthropic-observed-exposure-2026-03-v3
3820,Programadores informáticos,15-1251,Computer Programmers,0.7451,0.7222449999999999,0.95,0.8999999999999999,0.1985152433458726,1.0,0.94,1,0.99,0.98,0.99,0,False,False,0.99,0.01,0.0,False,False,False,0.6533333333333333,5.85,0.58,0.0033333333333334103,False,jev-1.13.0,garicano-2026-07-09-v1,anthropic-observed-exposure-2026-03-v3
3831,Técnicos de grabación audiovisual,27-4011,Audio and Video Technicians,0.0173,0.06522596,0.34559999999999996,0.08639999999999998,1.602116046126168,0.95,0.33,1,0.74,0.48,0.61,0,False,False,0.74,0.26,0.0,True,False,False,0.13333333333333333,1.2,0.52,0.0,False,jev-1.13.0,garicano-2026-07-09-v1,anthropic-observed-exposure-2026-03-v3
3832,Técnicos de radiodifusión,49-2021,"Radio, Cellular, and Tower Equipment Installers and Repairers",0.0,0.01525321212121212,0.5218855218855218,0.2794612794612794,1.459717927209215,0.53,0.92,1,0.77,0.54,0.66,0,False,False,0.77,0.23,0.0,True,False,False,0.07555555555555554,0.76,0.69,0.008888888888888904,False,jev-1.13.0,garicano-2026-07-09-v1,anthropic-observed-exposure-2026-03-v3
3833,Técnicos de ingeniería de las telecomunicaciones,17-3023,Electrical and Electronic Engineering Technologists and Technicians,0.0202,0.03412212363636363,0.6129292929292929,0.45692929292929285,1.3178295983768358,0.71,0.8,2,0.72,0.43999999999999995,0.58,1,False,False,0.28,0.72,0.0,False,False,False,0.17333333333333334,1.58,0.59,0.0022222222222222365,False,jev-1.13.0,garicano-2026-07-09-v1,anthropic-observed-exposure-2026-03-v3
4111,Empleados de contabilidad,13-2011,Accountants and Auditors,0.3478,0.32023556000000003,0.46980000000000005,0.009800000000000031,0.9540693912130818,0.51,0.86,1,1.0,1.0,1.0,0,False,False,1.0,0.0,0.0,True,False,False,0.3988888888888889,3.61,0.0,0.002222222222222181,True,jev-1.13.0,garicano-2026-07-09-v1,anthropic-observed-exposure-2026-03-v3
4112,Empleados de control de personal y nóminas,43-3051,Payroll and Timekeeping Clerks,0.0487,0.09804012121212123,0.43,0.0384848484848484,1.3203729915175122,0.54,1.0,1,1.0,1.0,1.0,0,False,False,1.0,0.0,0.0,True,False,False,0.30888888888888894,2.76,0.0,0.002222222222222292,True,jev-1.13.0,garicano-2026-07-09-v1,anthropic-observed-exposure-2026-03-v3
4113,"Empleados de oficina de servicios estadísticos, financieros y bancarios",43-9041,Insurance Claims and Policy Processing Clerks,0.1467,0.24741196000000001,0.23520000000000002,0.0,2.156995044268593,0.53,0.4,1,0.99,0.98,0.98,0,False,False,0.99,0.01,0.0,True,False,False,0.38888888888888895,3.52,0.27,0.002222222222222181,True,jev-1.13.0,garicano-2026-07-09-v1,anthropic-observed-exposure-2026-03-v3
4121,Empleados de control de abastecimientos e inventario 184,53-7065,Stockers and Order Fillers,0.0,0.006441779999999999,0.6138,0.40800000000000003,1.0995733588873005,0.6,0.98,1,0.85,0.7,0.77,0,False,False,0.85,0.15,0.0,False,False,False,0.13333333333333333,1.26,0.5,0.006666666666666682,False,jev-1.13.0,garicano-2026-07-09-v1,anthropic-observed-exposure-2026-03-v3
4122,Empleados de oficina de servicios de apoyo a la producción,43-5061,"Production, Planning, and Expediting Clerks",0.0934,0.10053413777777778,0.47000000000000003,0.13680000000000003,1.6538757551175287,0.43,1.0,1,0.85,0.71,0.78,0,False,False,0.85,0.14,0.01,True,False,False,0.2744444444444445,2.47,0.01,0.0,True,jev-1.13.0,garicano-2026-07-09-v1,anthropic-observed-exposure-2026-03-v3
4123,Empleados de logística y transporte de pasajeros y mercancías,53-4031,Railroad Conductors and Yardmasters,0.0,0.02318548070707071,0.6764,0.5612484848484849,1.2820087670993325,0.74,0.88,2,0.58,0.18999999999999995,0.36,0,False,False,0.39,0.58,0.03,False,True,False,0.25,2.22,0.43,0.0033333333333332993,True,jev-1.13.0,garicano-2026-07-09-v1,anthropic-observed-exposure-2026-03-v3
4210,Empleados de bibliotecas y archivos,43-4121,"Library Assistants, Clerical",0.0978,0.085974,0.73,0.45999999999999996,0.583258840128597,0.7,1.0,1,0.86,0.72,0.79,0,False,False,0.86,0.14,0.0,False,False,False,0.18000000000000002,1.64,0.55,0.002222222222222181,False,jev-1.13.0,garicano-2026-07-09-v1,anthropic-observed-exposure-2026-03-v3
4221,Empleados de servicios de correos (excepto empleados de mostrador),53-3033,Light Truck Drivers,0.0,0.004281195151515153,0.4321212121212122,0.28181818181818186,1.7632819159778093,0.92,0.44,1,0.93,0.8600000000000001,0.89,0,False,False,0.93,0.07,0.0,True,False,False,0.051111111111111114,0.53,0.79,0.007777777777777779,False,jev-1.13.0,garicano-2026-07-09-v1,anthropic-observed-exposure-2026-03-v3
4222,Codificadores y correctores de imprenta,43-9081,Proofreaders and Copy Markers,0.1781,0.37960088,0.5529000000000001,0.14550000000000007,0.8503336610495317,0.96,0.56,1,1.0,1.0,1.0,0,False,False,1.0,0.0,0.0,True,False,False,0.35111111111111115,3.1,0.0,0.00666666666666671,True,jev-1.13.0,garicano-2026-07-09-v1,anthropic-observed-exposure-2026-03-v3
4223,Empleados de servicio de personal,43-4161,"Human Resources Assistants, Except Payroll and Timekeeping",0.4046,0.39934375000000005,0.71,0.43449999999999994,0.659721103162983,0.69,1.0,1,0.89,0.79,0.84,0,False,False,0.89,0.1,0.01,False,False,False,0.35222222222222227,3.17,0.0,5.551115123125783e-17,True,jev-1.13.0,garicano-2026-07-09-v1,anthropic-observed-exposure-2026-03-v3
4301,Grabadores de datos,43-9021,Data Entry Keyers,0.6707,0.6658742424242423,0.99,0.9817171717171717,0.06312224433723375,0.99,0.99,1,1.0,1.0,1.0,0,False,False,1.0,0.0,0.0,False,False,False,0.5188888888888888,4.64,0.31,0.0033333333333332993,True,jev-1.13.0,garicano-2026-07-09-v1,anthropic-observed-exposure-2026-03-v3
4309,Empleados administrativos sin tareas de atención al público no clasificados bajo otros epígrafes,43-9061,"Office Clerks, General",0.4504,0.444974,0.96,0.94,0.2095329785677697,1.0,0.95,1,0.98,0.96,0.96,0,False,False,0.98,0.02,0.0,False,False,False,0.40222222222222226,3.66,0.32,0.0044444444444444176,True,jev-1.13.0,garicano-2026-07-09-v1,anthropic-observed-exposure-2026-03-v3
4411,Empleados de información al usuario,43-4171,Receptionists and Information Clerks,0.4338,0.35143491,0.5733999999999999,0.39249999999999985,1.4110965823080555,0.58,0.93,1,0.66,0.32,0.5,0,False,False,0.66,0.34,0.0,True,False,False,0.20555555555555557,1.82,0.27,0.003333333333333355,True,jev-1.13.0,garicano-2026-07-09-v1,anthropic-observed-exposure-2026-03-v3
4412,Recepcionistas (excepto de hoteles),43-4171,Receptionists and Information Clerks,0.4338,0.4338,1.0,1.0,-0.0,1.0,1.0,1,0.68,0.36000000000000004,0.51,0,False,False,0.68,0.32,0.0,False,False,False,0.21000000000000002,1.86,0.26,0.003333333333333355,True,jev-1.13.0,garicano-2026-07-09-v1,anthropic-observed-exposure-2026-03-v3
4421,Empleados de agencias de viajes,41-3041,Travel Agents,0.4054,0.31999977,0.52,0.12,1.0221430194941366,0.49,1.0,2,0.82,0.6399999999999999,0.73,0,False,False,0.18,0.82,0.0,True,False,False,0.30444444444444446,2.77,0.0,0.0033333333333332993,True,jev-1.13.0,garicano-2026-07-09-v1,anthropic-observed-exposure-2026-03-v3
4422,Recepcionistas de hoteles,43-4081,"Hotel, Motel, and Resort Desk Clerks",0.1725,0.17445534999999998,0.74,0.5519000000000001,0.8329256310057347,0.71,1.0,2,0.76,0.52,0.63,0,False,False,0.24,0.76,0.0,False,False,False,0.17666666666666667,1.59,0.36,0.0,True,jev-1.13.0,garicano-2026-07-09-v1,anthropic-observed-exposure-2026-03-v3
4423,Telefonistas,43-2011,"Switchboard Operators, Including Answering Service",0.3863,0.37857399999999997,0.98,0.96,0.098039113279732,0.99,0.98,1,0.92,0.8400000000000001,0.87,0,False,False,0.92,0.08,0.0,False,False,False,0.1388888888888889,1.23,0.51,0.0022222222222222365,False,jev-1.13.0,garicano-2026-07-09-v1,anthropic-observed-exposure-2026-03-v3
4424,Teleoperadores,43-4051,Customer Service Representatives,0.7011,0.6683388279797979,0.9309999999999999,0.9091818181818181,0.3771923846809828,0.94,0.97,1,0.91,0.8200000000000001,0.87,0,False,False,0.91,0.09,0.0,False,False,False,0.2877777777777778,2.56,0.0,0.003333333333333355,True,jev-1.13.0,garicano-2026-07-09-v1,anthropic-observed-exposure-2026-03-v3
4430,Agentes de encuestas,43-4111,"Interviewers, Except Eligibility and Loan",0.3851,0.37432838975614735,0.5353535353535354,0.3931313131313131,1.59720891623305,0.5,1.0,1,0.76,0.52,0.64,0,False,False,0.76,0.24,0.0,True,False,False,0.13333333333333333,1.23,0.51,0.003333333333333327,False,jev-1.13.0,garicano-2026-07-09-v1,anthropic-observed-exposure-2026-03-v3
4441,Cajeros de bancos y afines 194,43-3071,Tellers,0.0231,0.08500750000000001,0.66,0.4818,1.069841092185875,0.64,1.0,1,0.92,0.8400000000000001,0.87,0,False,False,0.92,0.08,0.0,False,False,False,0.1811111111111111,1.64,0.34,0.0011111111111110905,True,jev-1.13.0,garicano-2026-07-09-v1,anthropic-observed-exposure-2026-03-v3
4442,Empleados de venta de apuestas,41-2011,Cashiers,0.0846,0.10991474,0.288,0.0,1.6303451021216167,0.95,0.26,1,0.94,0.8799999999999999,0.92,0,False,False,0.94,0.06,0.0,True,False,False,0.05666666666666667,0.43,0.83,0.00888888888888889,False,jev-1.13.0,garicano-2026-07-09-v1,anthropic-observed-exposure-2026-03-v3
4443,Empleados de sala de juegos y afines,27-2023,"Umpires, Referees, and Other Sports Officials",0.0,0.01192470707070707,0.4884848484848485,0.37748484848484853,2.0659986463068916,0.6,0.76,1,0.63,0.28,0.44,0,False,False,0.63,0.35,0.02,True,False,False,0.052222222222222225,0.56,0.78,0.010000000000000002,False,jev-1.13.0,garicano-2026-07-09-v1,anthropic-observed-exposure-2026-03-v3
4444,Empleados de casas de empeño y de préstamos,13-2072,Loan Officers,0.1857,0.19713315,0.79,0.7048000000000001,0.8609055234955931,0.76,0.99,2,0.55,0.12000000000000005,0.32,0,False,False,0.43,0.55,0.02,False,True,False,0.10333333333333333,0.95,0.62,0.0022222222222222227,False,jev-1.13.0,garicano-2026-07-09-v1,anthropic-observed-exposure-2026-03-v3
4445,"Cobradores de facturas, deudas y empleados afines",43-3011,Bill and Account Collectors,0.2989,0.20267914818181818,0.36,0.07090909090909087,1.6428583349838715,0.51,1.0,2,0.58,0.25999999999999995,0.38,0,False,False,0.32,0.58,0.1,True,True,False,0.19666666666666666,1.74,0.3,0.003333333333333327,True,jev-1.13.0,garicano-2026-07-09-v1,anthropic-observed-exposure-2026-03-v3
4446,Empleados de mostrador de correos,43-5051,Postal Service Clerks,0.0,0.015795331515151518,0.84,0.7531,0.7461634109100673,0.82,0.99,1,0.79,0.5800000000000001,0.68,0,False,False,0.79,0.21,0.0,False,False,False,0.09222222222222223,0.89,0.65,0.006666666666666654,False,jev-1.13.0,garicano-2026-07-09-v1,anthropic-observed-exposure-2026-03-v3
4500,Empleados administrativos con tareas de atención al público no clasificados bajo otros epígrafes,43-9061,"Office Clerks, General",0.4504,0.308337,0.45,0.09000000000000002,1.221840519006006,0.99,0.43,1,0.6,0.20999999999999996,0.39,0,False,False,0.6,0.39,0.01,True,False,False,0.32333333333333336,2.91,0.39,0.0,True,jev-1.13.0,garicano-2026-07-09-v1,anthropic-observed-exposure-2026-03-v3
5000,Camareros y cocineros propietarios,35-3023,Fast Food and Counter Workers,0.0,0.0021190000000000002,0.28800000000000003,0.099,1.7999290765050653,0.89,0.26,2,0.94,0.8899999999999999,0.91,0,False,False,0.05,0.94,0.01,True,False,False,0.024444444444444446,0.31,0.88,0.009999999999999998,False,jev-1.13.0,garicano-2026-07-09-v1,anthropic-observed-exposure-2026-03-v3
5110,Cocineros asalariados,35-2014,"Cooks, Restaurant",0.0116,0.010672,0.92,0.8500000000000001,0.30891098466910233,0.99,0.9,2,0.56,0.12000000000000005,0.34,0,False,False,0.44,0.56,0.0,False,True,False,0.005555555555555556,0.13,0.95,0.00888888888888889,False,jev-1.13.0,garicano-2026-07-09-v1,anthropic-observed-exposure-2026-03-v3
5120,Camareros asalariados,35-3031,Waiters and Waitresses,0.0,0.000987919191919192,0.9801,0.9702,0.11534113098285591,0.99,0.99,2,0.9,0.8,0.85,0,False,False,0.1,0.9,0.0,False,False,False,0.027777777777777776,0.33,0.87,0.00888888888888889,False,jev-1.13.0,garicano-2026-07-09-v1,anthropic-observed-exposure-2026-03-v3
5210,Jefes de sección de tiendas y almacenes,41-1011,First-Line Supervisors of Retail Sales Workers,0.2627,0.1682218888888889,0.3838383838383838,0.13050505050505046,1.9527082549474999,0.54,1.0,2,0.49,0.0,0.24,0,False,False,0.02,0.49,0.49,True,True,False,0.1388888888888889,1.28,0.66,0.003333333333333327,False,jev-1.13.0,garicano-2026-07-09-v1,anthropic-observed-exposure-2026-03-v3
5220,Vendedores en tiendas y almacenes,41-2031,Retail Salespersons,0.3222,0.32525699999999996,0.99,0.98,0.056001534354847345,1.0,0.99,2,0.93,0.8600000000000001,0.89,0,False,False,0.07,0.93,0.0,False,False,False,0.07333333333333332,0.73,0.71,0.007777777777777786,False,jev-1.13.0,garicano-2026-07-09-v1,anthropic-observed-exposure-2026-03-v3
5300,Comerciantes propietarios de tiendas,41-2031,Retail Salespersons,0.3222,0.25139534303030303,0.5848,0.4272242424242424,1.509736278946705,0.65,0.84,2,0.91,0.8500000000000001,0.87,0,False,False,0.06,0.91,0.03,True,False,False,0.14222222222222222,1.31,0.63,0.003333333333333327,False,jev-1.13.0,garicano-2026-07-09-v1,anthropic-observed-exposure-2026-03-v3
5411,Vendedores en quioscos,41-9091,"Door-to-Door Sales Workers, News and Street Vendors, and Related Workers",0.1758,0.1833902,0.9108,0.8415,0.37211816913990353,0.98,0.91,2,0.63,0.26,0.45,0,False,False,0.37,0.63,0.0,False,False,False,0.061728395061728385,0.6,0.76,0.004938271604938281,False,jev-1.13.0,garicano-2026-07-09-v1,anthropic-observed-exposure-2026-03-v3
5412,Vendedores en mercados ocasionales y mercadillos,41-9091,"Door-to-Door Sales Workers, News and Street Vendors, and Related Workers",0.1758,0.17803514,0.9299999999999999,0.8899999999999999,0.33044922236148694,0.98,0.93,2,0.74,0.48,0.6,0,False,False,0.26,0.74,0.0,False,False,False,0.04777777777777778,0.47,0.81,0.004444444444444438,False,jev-1.13.0,garicano-2026-07-09-v1,anthropic-observed-exposure-2026-03-v3
5420,Operadores de telemarketing,41-9041,Telemarketers,0.2852,0.2900367272727273,0.98,0.9666666666666667,0.1214609289299784,0.98,1.0,1,0.78,0.56,0.66,0,False,False,0.78,0.22,0.0,False,False,False,0.22444444444444445,2.05,0.18,0.0033333333333332993,True,jev-1.13.0,garicano-2026-07-09-v1,anthropic-observed-exposure-2026-03-v3
5430,Expendedores de gasolineras,53-6031,Automotive and Watercraft Service Attendants,0.0,0.04220930787878788,0.28,0.03242424242424244,2.337465714443079,0.39,1.0,1,0.58,0.15999999999999998,0.36,0,False,False,0.58,0.42,0.0,True,True,False,0.035555555555555556,0.39,0.84,0.007777777777777779,False,jev-1.13.0,garicano-2026-07-09-v1,anthropic-observed-exposure-2026-03-v3
5491,Vendedores a domicilio,41-9091,"Door-to-Door Sales Workers, News and Street Vendors, and Related Workers",0.1758,0.1758,1.0,1.0,-0.0,1.0,1.0,2,0.96,0.9199999999999999,0.94,0,False,False,0.04,0.96,0.0,False,False,False,0.08888888888888889,0.88,0.65,0.00888888888888889,False,jev-1.13.0,garicano-2026-07-09-v1,anthropic-observed-exposure-2026-03-v3
5492,Promotores de venta,41-9011,Demonstrators and Product Promoters,0.0788,0.0788,1.0,1.0,-0.0,0.99,1.0,2,0.9,0.8,0.84,0,False,False,0.1,0.9,0.0,False,False,False,0.04111111111111111,0.44,0.82,0.007777777777777779,False,jev-1.13.0,garicano-2026-07-09-v1,anthropic-observed-exposure-2026-03-v3
5493,"Modelos de moda, arte y publicidad",27-2011,Actors,0.1011,0.10428256,0.8613,0.8217,0.6872678619681407,0.98,0.85,3,0.64,0.34,0.46,0,False,False,0.3,0.06,0.64,False,False,False,0.016666666666666666,0.21,0.91,0.0066666666666666645,False,jev-1.13.0,garicano-2026-07-09-v1,anthropic-observed-exposure-2026-03-v3
5499,Vendedores no clasificados bajo otros epígrafes,41-2021,Counter and Rental Clerks,0.2048,0.20896299999999998,0.74,0.55,0.8052668365305864,0.99,0.71,2,0.84,0.6799999999999999,0.76,0,False,False,0.16,0.84,0.0,False,False,False,0.04666666666666666,0.49,0.8,0.007777777777777779,False,jev-1.13.0,garicano-2026-07-09-v1,anthropic-observed-exposure-2026-03-v3
5500,Cajeros y taquilleros (excepto bancos),41-2011,Cashiers,0.0846,0.07653025999999999,0.73,0.5851,1.0071213153970977,0.71,1.0,1,0.97,0.94,0.95,0,False,False,0.97,0.03,0.0,False,False,False,0.04777777777777778,0.53,0.79,0.011111111111111113,False,jev-1.13.0,garicano-2026-07-09-v1,anthropic-observed-exposure-2026-03-v3
5611,Auxiliares de enfermería hospitalaria,31-1131,Nursing Assistants,0.0,3.898989898989899e-05,0.98,0.964040404040404,0.11207706183282527,0.98,1.0,2,0.62,0.24,0.42,0,False,False,0.38,0.62,0.0,False,False,False,0.04264870931537598,0.45,0.82,0.007351290684624021,False,jev-1.13.0,garicano-2026-07-09-v1,anthropic-observed-exposure-2026-03-v3
5612,Auxiliares de enfermería de atención primaria,31-9092,Medical Assistants,0.0476,0.025464450000000003,0.532,0.11400000000000005,0.8728019733843676,0.95,0.52,2,0.62,0.24,0.42,0,False,False,0.38,0.62,0.0,True,False,False,0.05444444444444444,0.53,0.79,0.004444444444444452,False,jev-1.13.0,garicano-2026-07-09-v1,anthropic-observed-exposure-2026-03-v3
5621,Técnicos auxiliares de farmacia,31-9095,Pharmacy Aides,0.022,0.04573419676767677,0.58,0.18399999999999994,0.8229700122778894,0.55,0.99,1,0.57,0.13999999999999996,0.35,0,False,False,0.57,0.43,0.0,True,True,False,0.12111111111111111,1.12,0.55,0.003333333333333341,False,jev-1.13.0,garicano-2026-07-09-v1,anthropic-observed-exposure-2026-03-v3
5622,Técnicos de emergencias sanitarias,31-9099,"Healthcare Support Workers, All Other",0.0,0.007118910000000001,0.4599,0.3212,1.7395428958273822,0.71,0.6,2,0.98,0.96,0.97,0,False,False,0.02,0.98,0.0,True,False,False,0.06888888888888889,0.69,0.72,0.007777777777777772,False,jev-1.13.0,garicano-2026-07-09-v1,anthropic-observed-exposure-2026-03-v3
5629,Trabajadores de los cuidados a las personas en servicios de salud no clasificados bajo otros epígrafes,31-1132,Orderlies,0.0,0.0006383915151515152,0.6039,0.3762,1.1441544230707306,0.99,0.58,2,0.53,0.06000000000000005,0.3,0,False,False,0.47,0.53,0.0,False,True,False,0.04,0.43,0.83,0.007777777777777779,False,jev-1.13.0,garicano-2026-07-09-v1,anthropic-observed-exposure-2026-03-v3
5710,Trabajadores de los cuidados personales a domicilio,39-9011,Childcare Workers,0.0122,0.02064886,0.22440000000000002,0.030600000000000016,2.3939110411961155,0.64,0.3,2,0.94,0.8999999999999999,0.91,0,False,False,0.04,0.94,0.02,True,False,False,0.051111111111111114,0.49,0.8,0.003333333333333327,False,jev-1.13.0,garicano-2026-07-09-v1,anthropic-observed-exposure-2026-03-v3
5721,Cuidadores de niños en guarderías y centros educativos,39-9011,Childcare Workers,0.0122,0.007032020000000001,0.52,0.22550000000000003,1.2492515855864648,0.49,1.0,2,0.89,0.79,0.84,0,False,False,0.01,0.89,0.1,True,False,False,0.051111111111111114,0.51,0.8,0.005555555555555557,False,jev-1.13.0,garicano-2026-07-09-v1,anthropic-observed-exposure-2026-03-v3
5722,Cuidadores de niños en domicilios,39-9011,Childcare Workers,0.0122,0.011852292929292931,0.9494949494949495,0.9322222222222223,0.282687320700173,0.93,1.0,2,0.83,0.6699999999999999,0.75,0,False,False,0.01,0.83,0.16,False,False,False,0.022222222222222223,0.25,0.9,0.005555555555555553,False,jev-1.13.0,garicano-2026-07-09-v1,anthropic-observed-exposure-2026-03-v3
5811,Peluqueros,39-5012,"Hairdressers, Hairstylists, and Cosmetologists",0.0304,0.029792,0.98,0.96,0.098039113279732,1.0,0.98,2,0.8,0.6100000000000001,0.7,0,False,False,0.19,0.8,0.01,False,False,False,0.04,0.43,0.83,0.007777777777777779,False,jev-1.13.0,garicano-2026-07-09-v1,anthropic-observed-exposure-2026-03-v3
5812,"Especialistas en tratamientos de estética, bienestar y afines",39-5012,"Hairdressers, Hairstylists, and Cosmetologists",0.0304,0.015504,0.51,0.020000000000000018,0.6929471672244782,1.0,0.48,2,0.64,0.29000000000000004,0.45,0,False,False,0.35,0.64,0.01,True,False,False,0.044444444444444446,0.45,0.82,0.005555555555555557,False,jev-1.13.0,garicano-2026-07-09-v1,anthropic-observed-exposure-2026-03-v3
5821,"Auxiliares de vuelo y camareros de avión, barco y tren",53-2031,Flight Attendants,0.0913,0.0831532019181716,0.3624242424242424,0.027878787878787947,1.6056961919790051,0.67,0.5,2,0.94,0.8799999999999999,0.9,0,False,False,0.06,0.94,0.0,True,False,False,0.035555555555555556,0.4,0.84,0.00888888888888889,False,jev-1.13.0,garicano-2026-07-09-v1,anthropic-observed-exposure-2026-03-v3
5822,Revisores y cobradores de transporte terrestre,53-6061,Passenger Attendants,0.1169,0.10440120696969697,0.882,0.8036,0.4942686472830968,0.97,0.89,2,0.79,0.5900000000000001,0.69,0,False,False,0.2,0.79,0.01,False,False,False,0.031111111111111114,0.34,0.86,0.0066666666666666645,False,jev-1.13.0,garicano-2026-07-09-v1,anthropic-observed-exposure-2026-03-v3
5823,Acompañantes turísticos,39-9032,Recreation Workers,0.0,0.18495953575757576,0.2205,0.0126,2.5190892919295274,0.41,0.46,2,0.89,0.78,0.83,1,False,False,0.0,0.89,0.11,True,False,False,0.1,0.94,0.62,0.004444444444444431,False,jev-1.13.0,garicano-2026-07-09-v1,anthropic-observed-exposure-2026-03-v3
5824,Azafatos de tierra,53-6061,Passenger Attendants,0.1169,0.13366219161310072,0.5702479338842975,0.438732782369146,1.6033089302695127,0.67,0.8,2,0.85,0.7,0.77,0,False,False,0.15,0.85,0.0,True,False,False,0.11777777777777779,1.05,0.58,0.0011111111111111183,False,jev-1.13.0,garicano-2026-07-09-v1,anthropic-observed-exposure-2026-03-v3
5825,Guías de turismo,39-9032,Recreation Workers,0.0,0.0920756288888889,0.365,0.21619999999999998,2.5738309135351294,0.47,0.71,2,0.9,0.81,0.86,0,False,False,0.01,0.9,0.09,True,False,False,0.08777777777777779,0.83,0.67,0.004444444444444431,False,jev-1.13.0,garicano-2026-07-09-v1,anthropic-observed-exposure-2026-03-v3
5831,"Supervisores de mantenimiento y limpieza en oficinas, hoteles y otros establ ecimientos",37-1011,First-Line Supervisors of Housekeeping and Janitorial Workers,0.0436,0.04716854040404041,0.92,0.8977777777777778,0.44369507537977904,0.91,1.0,2,0.92,0.88,0.87,0,False,False,0.04,0.92,0.04,False,False,False,0.05444444444444444,0.56,0.78,0.007777777777777786,False,jev-1.13.0,garicano-2026-07-09-v1,anthropic-observed-exposure-2026-03-v3
5832,Mayordomos del servicio doméstico,39-9041,Residential Advisors,0.067,0.08352000999999999,0.2701,0.036500000000000005,2.3816407496382994,0.71,0.34,2,0.95,0.9199999999999999,0.93,0,False,False,0.02,0.95,0.03,True,False,False,0.04666666666666666,0.48,0.81,0.006666666666666668,False,jev-1.13.0,garicano-2026-07-09-v1,anthropic-observed-exposure-2026-03-v3
5833,Conserjes de edificios,37-2011,"Janitors and Cleaners, Except Maids and Housekeeping Cleaners",0.0,0.0038538699999999997,0.8827,0.7954000000000001,0.45121817993141616,0.96,0.89,2,0.92,0.8500000000000001,0.88,0,False,False,0.07,0.92,0.01,False,False,False,0.04444444444444444,0.44,0.83,0.004444444444444452,False,jev-1.13.0,garicano-2026-07-09-v1,anthropic-observed-exposure-2026-03-v3
5840,Trabajadores propietarios de pequeños alojamientos 221,39-6012,Concierges,0.1875,0.08192363616161616,0.23333333333333334,0.029633333333333345,2.428293525121222,0.34,0.63,2,0.95,0.9199999999999999,0.92,0,False,False,0.02,0.95,0.03,True,False,False,0.07777777777777778,0.76,0.7,0.006666666666666668,False,jev-1.13.0,garicano-2026-07-09-v1,anthropic-observed-exposure-2026-03-v3
5891,Asistentes personales o personas de compañía,39-6012,Concierges,0.1875,0.134910101010101,0.6564646464646464,0.5584848484848485,1.3928338823257795,0.96,0.65,2,0.61,0.27999999999999997,0.42,0,False,False,0.06,0.61,0.33,False,False,False,0.02,0.23,0.91,0.005555555555555557,False,jev-1.13.0,garicano-2026-07-09-v1,anthropic-observed-exposure-2026-03-v3
5892,Empleados de pompas fúnebres y embalsamadores,39-4031,"Morticians, Undertakers, and Funeral Arrangers",0.0,0.015794156464646464,0.25200000000000006,0.017656565656565648,2.378947067764045,0.41,0.53,2,0.94,0.8899999999999999,0.91,0,False,False,0.01,0.94,0.05,True,False,False,0.04777777777777778,0.49,0.8,0.006666666666666661,False,jev-1.13.0,garicano-2026-07-09-v1,anthropic-observed-exposure-2026-03-v3
5893,Cuidadores de animales y adiestradores,39-2021,Animal Caretakers,0.0,0.004676430404040404,0.552,0.342,1.5585612637886779,0.57,0.9,2,0.79,0.5800000000000001,0.68,0,False,False,0.21,0.79,0.0,True,False,False,0.03888888888888889,0.39,0.84,0.004444444444444445,False,jev-1.13.0,garicano-2026-07-09-v1,anthropic-observed-exposure-2026-03-v3
5894,Instructores de autoescuela,25-1194,"Career/Technical Education Teachers, Postsecondary",0.1563,0.11252097505050504,0.6375,0.5525,1.517330508084154,0.84,0.73,2,0.89,0.79,0.83,0,False,False,0.1,0.89,0.01,False,False,False,0.05555555555555555,0.55,0.78,0.005555555555555564,False,jev-1.13.0,garicano-2026-07-09-v1,anthropic-observed-exposure-2026-03-v3
5895,"Astrólogos, adivinadores y afines",39-6012,Concierges,0.1875,0.07726680706050403,0.1624242424242424,0.006767676767676756,3.0453084150303216,0.64,0.22,3,0.42,0.12,0.13,0,False,False,0.3,0.28,0.42,True,True,False,0.07222222222222223,0.64,0.75,0.0011111111111111183,False,jev-1.13.0,garicano-2026-07-09-v1,anthropic-observed-exposure-2026-03-v3
5899,Trabajadores de servicios personales no clasificados bajo otros epígrafes,39-9032,Recreation Workers,0.0,0.05680620606060606,0.2909090909090909,0.04363636363636364,1.897597704608294,0.7,0.37,3,0.81,0.65,0.71,0,False,False,0.03,0.16,0.81,True,False,False,0.0022222222222222222,0.09,0.96,0.0077777777777777776,False,jev-1.13.0,garicano-2026-07-09-v1,anthropic-observed-exposure-2026-03-v3
5910,Guardias civiles,33-3051,Police and Sheriff's Patrol Officers,0.1234,0.1234,1.0,1.0,-0.0,1.0,1.0,3,0.8,0.6200000000000001,0.7,0,False,False,0.02,0.18,0.8,False,False,False,0.061111111111111116,0.59,0.76,0.004444444444444431,False,jev-1.13.0,garicano-2026-07-09-v1,anthropic-observed-exposure-2026-03-v3
5921,Policías nacionales,33-3051,Police and Sheriff's Patrol Officers,0.1234,0.1234,1.0,1.0,-0.0,1.0,1.0,3,0.76,0.53,0.63,0,False,False,0.01,0.23,0.76,False,False,False,0.07888888888888888,0.75,0.76,0.004444444444444445,False,jev-1.13.0,garicano-2026-07-09-v1,anthropic-observed-exposure-2026-03-v3
5922,Policías autonómicos,33-3051,Police and Sheriff's Patrol Officers,0.1234,0.1234,1.0,1.0,-0.0,1.0,1.0,3,0.74,0.5,0.61,0,False,False,0.02,0.24,0.74,False,False,False,0.06888888888888889,0.67,0.73,0.005555555555555564,False,jev-1.13.0,garicano-2026-07-09-v1,anthropic-observed-exposure-2026-03-v3
5923,Policías locales,33-3051,Police and Sheriff's Patrol Officers,0.1234,0.1234,1.0,1.0,-0.0,1.0,1.0,3,0.77,0.56,0.66,0,False,False,0.02,0.21,0.77,False,False,False,0.06666666666666667,0.65,0.74,0.005555555555555564,False,jev-1.13.0,garicano-2026-07-09-v1,anthropic-observed-exposure-2026-03-v3
5931,Bomberos (excepto forestales),33-2011,Firefighters,0.0,0.0,1.0,1.0,-0.0,1.0,1.0,2,0.95,0.8999999999999999,0.92,0,False,False,0.05,0.95,0.0,False,False,False,0.035555555555555556,0.37,0.85,0.005555555555555557,False,jev-1.13.0,garicano-2026-07-09-v1,anthropic-observed-exposure-2026-03-v3
5932,Bomberos forestales,33-2011,Firefighters,0.0,0.0,0.9405,0.891,0.2535120164000585,0.99,0.94,2,0.87,0.74,0.8,0,False,False,0.13,0.87,0.0,False,False,False,0.03888888888888889,0.39,0.84,0.004444444444444445,False,jev-1.13.0,garicano-2026-07-09-v1,anthropic-observed-exposure-2026-03-v3
5941,Vigilantes de seguridad y similares habilitados para ir armados,33-9032,Security Guards,0.0,0.0036100000000000004,0.96,0.94,0.19567003495657082,1.0,0.95,2,0.67,0.4600000000000001,0.5,0,False,False,0.21,0.67,0.12,False,False,False,0.02888888888888889,0.31,0.88,0.005555555555555553,False,jev-1.13.0,garicano-2026-07-09-v1,anthropic-observed-exposure-2026-03-v3
5942,Auxiliares de vigilante de seguridad y similares no habilitados para ir armados,33-9032,Security Guards,0.0,0.0,1.0,1.0,-0.0,1.0,1.0,2,0.64,0.36,0.46,0,False,False,0.28,0.64,0.08,False,False,False,0.03333333333333333,0.35,0.86,0.005555555555555557,False,jev-1.13.0,garicano-2026-07-09-v1,anthropic-observed-exposure-2026-03-v3
5991,Vigilantes de prisiones,33-3012,Correctional Officers and Jailers,0.0,0.0,1.0,1.0,-0.0,1.0,1.0,2,0.46,0.06,0.19,0,False,False,0.14,0.46,0.4,False,True,False,0.03222222222222223,0.33,0.87,0.004444444444444438,False,jev-1.13.0,garicano-2026-07-09-v1,anthropic-observed-exposure-2026-03-v3
5992,Bañistas-socorristas,33-9092,"Lifeguards, Ski Patrol, and Other Recreational Protective Service Workers",0.0,0.00097354,0.97,0.9548,0.1737155817543997,0.96,1.0,2,0.83,0.6599999999999999,0.74,0,False,False,0.17,0.83,0.0,False,False,False,0.0022222222222222222,0.1,0.96,0.008888888888888889,False,jev-1.13.0,garicano-2026-07-09-v1,anthropic-observed-exposure-2026-03-v3
5993,Agentes forestales y medioambientales,33-3031,Fish and Game Wardens,0.0,0.0,0.8448,0.7704,0.5999527100285944,0.87,0.95,2,0.69,0.43999999999999995,0.53,0,False,False,0.06,0.69,0.25,False,False,False,0.05666666666666667,0.55,0.78,0.004444444444444445,False,jev-1.13.0,garicano-2026-07-09-v1,anthropic-observed-exposure-2026-03-v3
5999,Trabajadores de los servicios de protección y seguridad no clasificados bajo otros epígrafes 231,33-9099,"Protective Service Workers, All Other",0.0571,0.03294096999999999,0.57,0.2375,1.1106905085626775,0.94,0.57,1,0.61,0.22999999999999998,0.4,0,False,False,0.61,0.38,0.01,True,False,False,0.02,0.22,0.91,0.004444444444444445,False,jev-1.13.0,garicano-2026-07-09-v1,anthropic-observed-exposure-2026-03-v3
6110,"Trabajadores cualificados en actividades agrícolas (excepto en huertas, invernaderos, viveros y jardines)",45-2092,"Farmworkers and Laborers, Crop, Nursery, and Greenhouse",0.0203,0.017661,0.87,0.79,0.47300290380251164,0.99,0.84,2,0.51,0.020000000000000018,0.26,0,False,False,0.49,0.51,0.0,False,True,False,0.060000000000000005,0.6,0.76,0.006666666666666661,False,jev-1.13.0,garicano-2026-07-09-v1,anthropic-observed-exposure-2026-03-v3
6120,"Trabajadores cualificados en huertas, invernaderos, viveros y jardines",45-2092,"Farmworkers and Laborers, Crop, Nursery, and Greenhouse",0.0203,0.01896828303030303,0.93,0.8706,0.3128624805079456,0.92,0.99,2,0.59,0.18,0.39,0,False,False,0.41,0.59,0.0,False,True,False,0.04777777777777778,0.46,0.82,0.003333333333333334,False,jev-1.13.0,garicano-2026-07-09-v1,anthropic-observed-exposure-2026-03-v3
6201,Trabajadores cualificados en actividades ganaderas de vacuno 234,45-2093,"Farmworkers, Farm, Ranch, and Aquacultural Animals",0.0,0.0,1.0,1.0,-0.0,1.0,1.0,2,0.58,0.15999999999999998,0.37,0,False,False,0.42,0.58,0.0,False,True,False,0.03666666666666666,0.37,0.85,0.004444444444444452,False,jev-1.13.0,garicano-2026-07-09-v1,anthropic-observed-exposure-2026-03-v3
6202,Trabajadores cualificados en actividades ganaderas de ovino y caprino 235,45-2093,"Farmworkers, Farm, Ranch, and Aquacultural Animals",0.0,0.0,1.0,1.0,-0.0,1.0,1.0,2,0.55,0.10000000000000003,0.33,0,False,False,0.45,0.55,0.0,False,True,False,0.03222222222222222,0.32,0.87,0.003333333333333334,False,jev-1.13.0,garicano-2026-07-09-v1,anthropic-observed-exposure-2026-03-v3
6203,Trabajadores cualificados en actividades ganaderas de porcino 236,45-2093,"Farmworkers, Farm, Ranch, and Aquacultural Animals",0.0,0.0,0.99,0.98,0.056001534354847345,1.0,0.99,2,0.59,0.18,0.38,0,False,False,0.41,0.59,0.0,False,True,False,0.04111111111111111,0.4,0.84,0.003333333333333334,False,jev-1.13.0,garicano-2026-07-09-v1,anthropic-observed-exposure-2026-03-v3
6204,Trabajadores cualificados en apicultura y sericicultura,45-2093,"Farmworkers, Farm, Ranch, and Aquacultural Animals",0.0,0.0,0.97,0.95,0.15383759322861115,1.0,0.97,1,0.53,0.07,0.29,0,False,False,0.53,0.46,0.01,False,True,False,0.061111111111111116,0.58,0.77,0.003333333333333327,False,jev-1.13.0,garicano-2026-07-09-v1,anthropic-observed-exposure-2026-03-v3
6205,Trabajadores cualificados en la avicultura y la cunicultura,45-2093,"Farmworkers, Farm, Ranch, and Aquacultural Animals",0.0,0.0,0.99,0.98,0.056001534354847345,1.0,0.99,2,0.53,0.06000000000000005,0.3,0,False,False,0.47,0.53,0.0,False,True,False,0.04601571268237935,0.46,0.82,0.005095398428731766,False,jev-1.13.0,garicano-2026-07-09-v1,anthropic-observed-exposure-2026-03-v3
6209,Trabajadores cualificados en actividades ganaderas no clasificados bajo otros epígrafes,45-2093,"Farmworkers, Farm, Ranch, and Aquacultural Animals",0.0,0.0,0.62,0.25,0.7103072395817716,0.99,0.58,2,0.73,0.45999999999999996,0.58,0,False,False,0.27,0.73,0.0,False,False,False,0.04888888888888889,0.47,0.81,0.003333333333333327,False,jev-1.13.0,garicano-2026-07-09-v1,anthropic-observed-exposure-2026-03-v3
6300,Trabajadores cualificados en actividades agropecuarias mixtas,45-2091,Agricultural Equipment Operators,0.0,0.0020097,0.3564,0.06930000000000003,1.4292952788547055,0.99,0.29,2,0.76,0.53,0.63,0,False,False,0.23,0.76,0.01,True,False,False,0.07,0.66,0.74,0.003333333333333327,False,jev-1.13.0,garicano-2026-07-09-v1,anthropic-observed-exposure-2026-03-v3
6410,Trabajadores cualificados en actividades forestales y del medio natural,45-4021,Fallers,0.0,0.00029474747474747483,0.4224,0.04799999999999999,1.3477861692146313,0.95,0.38,2,0.51,0.020000000000000018,0.26,0,False,False,0.49,0.51,0.0,True,True,False,0.034444444444444444,0.35,0.86,0.004444444444444445,False,jev-1.13.0,garicano-2026-07-09-v1,anthropic-observed-exposure-2026-03-v3
6421,Trabajadores cualificados en la acuicultura,45-2093,"Farmworkers, Farm, Ranch, and Aquacultural Animals",0.0,0.0,0.96,0.9199999999999999,0.167944147734173,1.0,0.95,2,0.54,0.08000000000000002,0.31,0,False,False,0.46,0.54,0.0,False,True,False,0.04888888888888889,0.47,0.81,0.003333333333333327,False,jev-1.13.0,garicano-2026-07-09-v1,anthropic-observed-exposure-2026-03-v3
6422,Pescadores de aguas costeras y aguas dulces,45-1011,"First-Line Supervisors of Farming, Fishing, and Forestry Workers",0.0,0.000203,0.7,0.52,1.0641352878609882,1.0,0.67,1,0.66,0.32,0.49,0,False,False,0.66,0.34,0.0,False,False,False,0.02888888888888889,0.31,0.88,0.005555555555555553,False,jev-1.13.0,garicano-2026-07-09-v1,anthropic-observed-exposure-2026-03-v3
6423,Pescadores de altura,45-1011,"First-Line Supervisors of Farming, Fishing, and Forestry Workers",0.0,0.0,0.9393939393939393,0.9090909090909091,0.30393207509158865,0.99,0.92,2,0.67,0.34,0.49,0,False,False,0.33,0.67,0.0,False,False,False,0.03888888888888889,0.41,0.83,0.006666666666666661,False,jev-1.13.0,garicano-2026-07-09-v1,anthropic-observed-exposure-2026-03-v3
6430,Trabajadores cualificados en actividades cinegéticas,45-2093,"Farmworkers, Farm, Ranch, and Aquacultural Animals",0.0,0.00024031,0.6633,0.5445,1.3284105923150282,0.99,0.65,1,0.92,0.8400000000000001,0.88,0,False,False,0.92,0.08,0.0,False,False,False,0.007777777777777778,0.11,0.96,0.0044444444444444444,False,jev-1.13.0,garicano-2026-07-09-v1,anthropic-observed-exposure-2026-03-v3
7111,Encofradores y operarios de puesta en obra de hormigón,47-2051,Cement Masons and Concrete Finishers,0.0,0.0,0.86,0.76,0.5112146332506269,1.0,0.85,1,0.85,0.7,0.78,0,False,False,0.85,0.15,0.0,False,False,False,0.011111111111111112,0.17,0.93,0.0077777777777777776,False,jev-1.13.0,garicano-2026-07-09-v1,anthropic-observed-exposure-2026-03-v3
7112,Montadores de prefabricados estructurales (sólo hormigón),47-2221,Structural Iron and Steel Workers,0.0491,0.047221019999999995,0.9503999999999999,0.9305999999999999,0.2746449113484756,0.99,0.95,1,0.8,0.6000000000000001,0.7,0,False,False,0.8,0.2,0.0,False,False,False,0.020000000000000004,0.24,0.9,0.006666666666666661,False,jev-1.13.0,garicano-2026-07-09-v1,anthropic-observed-exposure-2026-03-v3
7121,Albañiles,47-2021,Brickmasons and Blockmasons,0.0,0.0,0.99,0.98,0.056001534354847345,1.0,0.99,1,0.71,0.42,0.56,0,False,False,0.71,0.29,0.0,False,False,False,0.017777777777777778,0.21,0.92,0.005555555555555553,False,jev-1.13.0,garicano-2026-07-09-v1,anthropic-observed-exposure-2026-03-v3
7122,"Canteros, tronzadores, labrantes y grabadores de piedras",47-5051,"Rock Splitters, Quarry",0.0,0.0004040999999999999,0.5248,0.23780000000000007,1.3281254623600511,0.8,0.62,1,0.87,0.74,0.8,0,False,False,0.87,0.13,0.0,True,False,False,0.027777777777777776,0.29,0.88,0.004444444444444445,False,jev-1.13.0,garicano-2026-07-09-v1,anthropic-observed-exposure-2026-03-v3
7131,Carpinteros (excepto ebanistas),47-2031,Carpenters,0.0,0.0,0.99,0.9802,0.056981925487644663,0.99,1.0,1,0.54,0.08000000000000002,0.3,0,False,False,0.54,0.46,0.0,False,True,False,0.03222222222222223,0.33,0.87,0.004444444444444438,False,jev-1.13.0,garicano-2026-07-09-v1,anthropic-observed-exposure-2026-03-v3
7132,Instaladores de cerramientos metálicos y carpinteros metálicos (excepto montadores de estructuras metálicas),47-2211,Sheet Metal Workers,0.0,0.001005190909090909,0.5355,0.2658,1.4789652493089283,0.61,0.84,1,0.75,0.5,0.62,0,False,False,0.75,0.25,0.0,True,False,False,0.05333333333333333,0.54,0.78,0.006666666666666675,False,jev-1.13.0,garicano-2026-07-09-v1,anthropic-observed-exposure-2026-03-v3
7191,Mantenedores de edificios,37-2011,"Janitors and Cleaners, Except Maids and Housekeeping Cleaners",0.0,7.046464646464647e-05,0.6566000000000001,0.3466000000000001,0.7996778490312249,0.65,0.96,1,0.66,0.32,0.48,0,False,False,0.66,0.34,0.0,False,False,False,0.02,0.22,0.91,0.004444444444444445,False,jev-1.13.0,garicano-2026-07-09-v1,anthropic-observed-exposure-2026-03-v3
7192,Instaladores de fachadas técnicas,47-2121,Glaziers,0.0,0.00076202,0.6603,0.47429999999999994,1.1766540762030138,0.92,0.69,1,0.69,0.37999999999999995,0.54,0,False,False,0.69,0.31,0.0,False,False,False,0.025813692480359144,0.27,0.89,0.004186307519640858,False,jev-1.13.0,garicano-2026-07-09-v1,anthropic-observed-exposure-2026-03-v3
7193,Instaladores de sistemas de impermeabilización en edificios,47-2181,Roofers,0.0157,0.01423094818181818,0.9009,0.8499909090909091,0.45099976041894546,0.91,0.98,1,0.76,0.52,0.64,0,False,False,0.76,0.24,0.0,False,False,False,0.01888888888888889,0.24,0.91,0.007777777777777776,False,jev-1.13.0,garicano-2026-07-09-v1,anthropic-observed-exposure-2026-03-v3
7199,Otros trabajadores de las obras estructurales de construcción no clasificados bajo otros epígrafes 250,47-2031,Carpenters,0.0,0.0019522699999999999,0.9108,0.8415,0.36336178510954475,0.99,0.91,1,0.69,0.37999999999999995,0.53,0,False,False,0.69,0.31,0.0,False,False,False,0.017777777777777778,0.23,0.91,0.007777777777777779,False,jev-1.13.0,garicano-2026-07-09-v1,anthropic-observed-exposure-2026-03-v3
7211,Escayolistas,47-2161,Plasterers and Stucco Masons,0.0,4.1010101010101015e-05,0.99,0.9845454545454545,0.06736652163643685,0.98,1.0,1,0.66,0.32,0.48,0,False,False,0.66,0.34,0.0,False,False,False,0.016666666666666666,0.2,0.92,0.005555555555555557,False,jev-1.13.0,garicano-2026-07-09-v1,anthropic-observed-exposure-2026-03-v3
7212,Aplicadores de revestimientos de pasta y mortero,47-2161,Plasterers and Stucco Masons,0.0,3.0449999999999998e-05,0.99,0.9842,0.06733351142317906,0.98,1.0,1,0.75,0.5,0.63,0,False,False,0.75,0.25,0.0,False,False,False,0.008888888888888889,0.15,0.94,0.0077777777777777776,False,jev-1.13.0,garicano-2026-07-09-v1,anthropic-observed-exposure-2026-03-v3
7221,Fontaneros,49-9071,"Maintenance and Repair Workers, General",0.0,0.00877880808080808,0.3465656565656566,0.07656565656565656,1.7977300901347166,0.71,0.45,2,0.98,0.96,0.97,0,False,False,0.02,0.98,0.0,True,False,False,0.030000000000000002,0.32,0.87,0.005555555555555553,False,jev-1.13.0,garicano-2026-07-09-v1,anthropic-observed-exposure-2026-03-v3
7222,Montadores-instaladores de gas en edificios,49-9021,"Heating, Air Conditioning, and Refrigeration Mechanics and Installers",0.0191,0.0106892,0.44,0.0968,1.3218465948711997,0.87,0.48,2,0.9,0.8,0.85,0,False,False,0.1,0.9,0.0,True,False,False,0.031111111111111114,0.32,0.87,0.004444444444444442,False,jev-1.13.0,garicano-2026-07-09-v1,anthropic-observed-exposure-2026-03-v3
7223,Instaladores de conductos en obra pública,47-2151,Pipelayers,0.0,0.0018847911111111112,0.7252,0.6753010101010101,1.1852536337416186,0.72,0.97,2,0.58,0.15999999999999998,0.36,0,False,False,0.42,0.58,0.0,False,True,False,0.030000000000000002,0.3,0.88,0.0033333333333333305,False,jev-1.13.0,garicano-2026-07-09-v1,anthropic-observed-exposure-2026-03-v3
7231,Pintores y empapeladores,47-2141,"Painters, Construction and Maintenance",0.0,0.00010398,0.9309999999999999,0.9119999999999999,0.3877782082005144,0.95,0.98,1,0.73,0.45999999999999996,0.59,0,False,False,0.73,0.27,0.0,False,False,False,0.02888888888888889,0.3,0.88,0.004444444444444442,False,jev-1.13.0,garicano-2026-07-09-v1,anthropic-observed-exposure-2026-03-v3
7232,Pintores en las industrias manufactureras,51-9124,"Coating, Painting, and Spraying Machine Setters, Operators, and Tenders",0.0,0.0,0.7954,0.6208,0.6144286025516361,0.97,0.8,1,0.98,0.96,0.96,0,False,False,0.98,0.02,0.0,False,False,False,0.016666666666666666,0.2,0.92,0.005555555555555557,False,jev-1.13.0,garicano-2026-07-09-v1,anthropic-observed-exposure-2026-03-v3
7240,"Soladores, colocadores de parquet y afines",47-2044,Tile and Stone Setters,0.0,6.151515151515152e-05,0.893,0.8657272727272728,0.52754632065365,0.93,0.94,1,0.66,0.32,0.48,0,False,False,0.66,0.34,0.0,False,False,False,0.020000000000000004,0.23,0.91,0.005555555555555553,False,jev-1.13.0,garicano-2026-07-09-v1,anthropic-observed-exposure-2026-03-v3
7250,Mecánicos-instaladores de refrigeración y climatización,49-9021,"Heating, Air Conditioning, and Refrigeration Mechanics and Installers",0.0191,0.0187768,0.96,0.9219999999999999,0.17588475746800789,0.96,1.0,2,0.91,0.8200000000000001,0.87,0,False,False,0.09,0.91,0.0,False,False,False,0.05000000000000001,0.51,0.8,0.006666666666666661,False,jev-1.13.0,garicano-2026-07-09-v1,anthropic-observed-exposure-2026-03-v3
7291,Montadores de cubiertas,47-2181,Roofers,0.0157,0.015544909999999999,0.99,0.9848,0.06786062870472645,0.99,1.0,1,0.64,0.28,0.46,0,False,False,0.64,0.36,0.0,False,False,False,0.030000000000000002,0.31,0.88,0.004444444444444442,False,jev-1.13.0,garicano-2026-07-09-v1,anthropic-observed-exposure-2026-03-v3
7292,Instaladores de material aislante térmico y de insonorización,47-2131,"Insulation Workers, Floor, Ceiling, and Wall",0.0,0.0060742,0.6278,0.5279,1.2507886815232623,0.71,0.85,1,0.69,0.37999999999999995,0.53,0,False,False,0.69,0.31,0.0,False,False,False,0.031111111111111114,0.32,0.87,0.004444444444444442,False,jev-1.13.0,garicano-2026-07-09-v1,anthropic-observed-exposure-2026-03-v3
7293,Cristaleros,47-2121,Glaziers,0.0,0.0,0.83,0.7076,0.5847437647488278,0.81,1.0,1,0.5,0.0,0.25,0,False,False,0.5,0.5,0.0,False,True,False,0.02888888888888889,0.31,0.88,0.005555555555555553,False,jev-1.13.0,garicano-2026-07-09-v1,anthropic-observed-exposure-2026-03-v3
7294,Montadores-instaladores de placas de energía solar,49-9099,"Installation, Maintenance, and Repair Workers, All Other",0.0,0.0042987878787878785,0.32303030303030306,0.12424242424242427,1.8762387016346371,0.81,0.37,2,0.65,0.30000000000000004,0.48,0,False,False,0.35,0.65,0.0,True,False,False,0.04264870931537598,0.43,0.83,0.005129068462401798,False,jev-1.13.0,garicano-2026-07-09-v1,anthropic-observed-exposure-2026-03-v3
7295,Personal de limpieza de fachadas de edificios y chimeneas,37-2011,"Janitors and Cleaners, Except Maids and Housekeeping Cleaners",0.0,0.0008263999999999999,0.8526,0.8119000000000001,0.738088505913586,0.86,0.97,1,0.94,0.8799999999999999,0.9,0,False,False,0.94,0.06,0.0,False,False,False,0.011111111111111112,0.15,0.94,0.005555555555555555,False,jev-1.13.0,garicano-2026-07-09-v1,anthropic-observed-exposure-2026-03-v3
7311,Moldeadores y macheros 259,51-4071,Foundry Mold and Coremakers,0.0,3.6898989898989904e-05,0.99,0.9846464646464647,0.07127573798977793,0.99,0.99,1,0.86,0.72,0.79,0,False,False,0.86,0.14,0.0,False,False,False,0.01,0.16,0.94,0.0077777777777777776,False,jev-1.13.0,garicano-2026-07-09-v1,anthropic-observed-exposure-2026-03-v3
7312,Soldadores y oxicortadores,51-4121,"Welders, Cutters, Solderers, and Brazers",0.0,0.0015559756147331902,0.53,0.25941536577900215,1.4650300461102332,0.51,0.99,1,0.89,0.78,0.84,0,False,False,0.89,0.11,0.0,True,False,False,0.024444444444444446,0.3,0.88,0.008888888888888887,False,jev-1.13.0,garicano-2026-07-09-v1,anthropic-observed-exposure-2026-03-v3
7313,Chapistas y caldereros,51-2041,Structural Metal Fabricators and Fitters,0.0,0.0012618532323232323,0.34,0.13787878787878793,1.977068141885947,0.48,0.65,1,0.57,0.13999999999999996,0.35,0,False,False,0.57,0.43,0.0,True,True,False,0.04601571268237935,0.47,0.81,0.006206509539842871,False,jev-1.13.0,garicano-2026-07-09-v1,anthropic-observed-exposure-2026-03-v3
7314,Montadores de estructuras metálicas,47-2221,Structural Iron and Steel Workers,0.0491,0.045174389999999995,0.92,0.8514,0.328473400518357,0.91,1.0,1,0.79,0.5800000000000001,0.69,0,False,False,0.79,0.21,0.0,False,False,False,0.03333333333333333,0.35,0.86,0.005555555555555557,False,jev-1.13.0,garicano-2026-07-09-v1,anthropic-observed-exposure-2026-03-v3
7315,Montadores de estructuras cableadas y empalmadores de cables,49-9096,Riggers,0.0,0.0025930404040404036,0.495,0.09409090909090911,1.1454938274261066,0.47,0.98,2,0.51,0.020000000000000018,0.26,0,False,False,0.49,0.51,0.0,True,True,False,0.02666666666666667,0.28,0.89,0.004444444444444445,False,jev-1.13.0,garicano-2026-07-09-v1,anthropic-observed-exposure-2026-03-v3
7321,Herreros y forjadores,51-4022,"Forging Machine Setters, Operators, and Tenders, Metal and Plastic",0.0,0.0004634424242424243,0.8231999999999999,0.7447999999999999,0.760258101783223,0.97,0.83,1,0.88,0.76,0.82,0,False,False,0.88,0.12,0.0,False,False,False,0.025813692480359144,0.28,0.89,0.00529741863075197,False,jev-1.13.0,garicano-2026-07-09-v1,anthropic-observed-exposure-2026-03-v3
7322,"Trabajadores de la fabricación de herramientas, mecánicoajustadores, modelistas, matriceros y afines",51-4111,Tool and Die Makers,0.0,0.000718020202020202,0.9299999999999999,0.9002020202020201,0.3924282144405062,0.93,0.99,1,0.77,0.54,0.65,0,False,False,0.77,0.23,0.0,False,False,False,0.05555555555555555,0.56,0.78,0.006666666666666675,False,jev-1.13.0,garicano-2026-07-09-v1,anthropic-observed-exposure-2026-03-v3
7323,Ajustadores y operadores de máquinas-herramienta,51-4041,Machinists,0.0,0.00634473,0.42569999999999997,0.13859999999999995,1.2282761638991675,0.98,0.42,1,0.96,0.9199999999999999,0.93,0,False,False,0.96,0.04,0.0,True,False,False,0.03666666666666667,0.41,0.84,0.008888888888888884,False,jev-1.13.0,garicano-2026-07-09-v1,anthropic-observed-exposure-2026-03-v3
7324,Pulidores de metales y afiladores de herramientas,51-4194,"Tool Grinders, Filers, and Sharpeners",0.0,0.0001965848484848485,0.7553,0.6188,0.9695841140100223,0.9,0.82,1,0.95,0.8999999999999999,0.93,0,False,False,0.95,0.05,0.0,False,False,False,0.01888888888888889,0.24,0.9,0.007777777777777776,False,jev-1.13.0,garicano-2026-07-09-v1,anthropic-observed-exposure-2026-03-v3
7401,Mecánicos y ajustadores de vehículos de motor,49-3023,Automotive Service Technicians and Mechanics,0.0,3.96969696969697e-06,0.9801,0.9702,0.12054188681514688,0.98,0.99,2,0.78,0.56,0.67,0,False,False,0.22,0.78,0.0,False,False,False,0.013333333333333334,0.22,0.91,0.011111111111111112,False,jev-1.13.0,garicano-2026-07-09-v1,anthropic-observed-exposure-2026-03-v3
7402,Mecánicos y ajustadores de motores de avión,49-3011,Aircraft Mechanics and Service Technicians,0.0,0.0005027664646464647,0.98,0.9753,0.14259027724400725,0.98,1.0,2,0.75,0.5,0.63,0,False,False,0.25,0.75,0.0,False,False,False,0.05666666666666667,0.56,0.77,0.005555555555555557,False,jev-1.13.0,garicano-2026-07-09-v1,anthropic-observed-exposure-2026-03-v3
7403,Mecánicos y ajustadores de maquinaria agrícola e industrial,49-9041,Industrial Machinery Mechanics,0.0239,0.01345804909090909,0.5626,0.28129999999999994,1.2176587862375612,0.96,0.56,2,0.64,0.28,0.45,0,False,False,0.36,0.64,0.0,True,False,False,0.04,0.43,0.83,0.007777777777777779,False,jev-1.13.0,garicano-2026-07-09-v1,anthropic-observed-exposure-2026-03-v3
7404,Mecánicos y ajustadores de maquinaria naval y ferroviaria,49-3043,Rail Car Repairers,0.0,0.00024462999999999997,0.6859999999999999,0.4997999999999999,1.0949803442811068,0.97,0.69,2,0.59,0.18,0.39,0,False,False,0.41,0.59,0.0,False,True,False,0.02888888888888889,0.33,0.87,0.007777777777777776,False,jev-1.13.0,garicano-2026-07-09-v1,anthropic-observed-exposure-2026-03-v3
7405,Reparadores de bicicletas y afines,49-3091,Bicycle Repairers,0.0,0.0,0.99,0.9858,0.07496945688615009,0.98,0.99,1,0.63,0.26,0.45,0,False,False,0.63,0.37,0.0,False,False,False,0.008888888888888889,0.14,0.94,0.006666666666666668,False,jev-1.13.0,garicano-2026-07-09-v1,anthropic-observed-exposure-2026-03-v3
7510,Electricistas de la construcción y afines,47-2111,Electricians,0.0,0.0033731599999999996,0.51,0.3336,1.52783284065243,0.48,1.0,2,0.77,0.54,0.65,0,False,False,0.23,0.77,0.0,True,False,False,0.05444444444444444,0.56,0.78,0.007777777777777786,False,jev-1.13.0,garicano-2026-07-09-v1,anthropic-observed-exposure-2026-03-v3
7521,Mecánicos y reparadores de equipos eléctricos,49-2092,"Electric Motor, Power Tool, and Related Repairers",0.0,0.000717,0.59,0.37999999999999995,1.2948429528472813,0.99,0.58,2,0.69,0.37999999999999995,0.54,0,False,False,0.31,0.69,0.0,True,False,False,0.04777777777777778,0.51,0.8,0.00888888888888889,False,jev-1.13.0,garicano-2026-07-09-v1,anthropic-observed-exposure-2026-03-v3
7522,Instaladores y reparadores de líneas eléctricas,49-9051,Electrical Power-Line Installers and Repairers,0.0,0.0,0.9,0.801,0.33068312682693296,0.89,1.0,2,0.65,0.30000000000000004,0.47,0,False,False,0.35,0.65,0.0,False,False,False,0.02888888888888889,0.29,0.89,0.0033333333333333305,False,jev-1.13.0,garicano-2026-07-09-v1,anthropic-observed-exposure-2026-03-v3
7531,Mecánicos y reparadores de equipos electrónicos,49-2011,"Computer, Automated Teller, and Office Machine Repairers",0.1067,0.06035555555555556,0.5656565656565656,0.1616161616161616,0.8136939187523101,1.0,0.54,2,0.65,0.30000000000000004,0.47,0,False,False,0.35,0.65,0.0,True,False,False,0.06777777777777777,0.69,0.73,0.00888888888888889,False,jev-1.13.0,garicano-2026-07-09-v1,anthropic-observed-exposure-2026-03-v3
7532,Instaladores y reparadores en electromedicina,49-9062,Medical Equipment Repairers,0.0,0.0009176799999999999,0.98,0.97,0.13259484745395556,0.97,1.0,2,0.86,0.72,0.79,0,False,False,0.14,0.86,0.0,False,False,False,0.05888888888888889,0.58,0.77,0.00555555555555555,False,jev-1.13.0,garicano-2026-07-09-v1,anthropic-observed-exposure-2026-03-v3
7533,Instaladores y reparadores en tecnologías de la información y las comunicaciones,49-2022,"Telecommunications Equipment Installers and Repairers, Except Line Installers",0.0333,0.03224226,0.6174,0.3919999999999999,1.1704935826494773,0.97,0.61,2,0.7,0.39999999999999997,0.55,0,False,False,0.3,0.7,0.0,False,False,False,0.11222222222222222,1.08,0.7,0.007777777777777786,False,jev-1.13.0,garicano-2026-07-09-v1,anthropic-observed-exposure-2026-03-v3
7611,Relojeros y mecánicos de instrumentos de precisión,49-9064,Watch and Clock Repairers,0.0,0.0015627618181818183,0.845050505050505,0.7750505050505051,0.7149185126666386,0.88,0.93,1,0.7,0.39999999999999997,0.55,0,False,False,0.7,0.3,0.0,False,False,False,0.034444444444444444,0.39,0.84,0.00888888888888889,False,jev-1.13.0,garicano-2026-07-09-v1,anthropic-observed-exposure-2026-03-v3
7612,Lutieres y similares; afinadores de instrumentos musicales,49-9063,Musical Instrument Repairers and Tuners,0.0,0.0011824343434343432,0.47000000000000003,0.19282828282828285,1.5669175653057148,0.45,1.0,2,0.61,0.21999999999999997,0.41,0,False,False,0.39,0.61,0.0,True,False,False,0.01888888888888889,0.21,0.92,0.004444444444444442,False,jev-1.13.0,garicano-2026-07-09-v1,anthropic-observed-exposure-2026-03-v3
7613,"Joyeros, orfebres y plateros",51-9071,Jewelers and Precious Stone and Metal Workers,0.0,0.005926630000000001,0.88,0.7777000000000001,0.4381919989422011,0.86,1.0,1,0.59,0.18,0.38,0,False,False,0.59,0.41,0.0,False,True,False,0.05333333333333334,0.51,0.8,0.003333333333333334,False,jev-1.13.0,garicano-2026-07-09-v1,anthropic-observed-exposure-2026-03-v3
7614,"Trabajadores de la cerámica, alfareros y afines",51-9195,"Molders, Shapers, and Casters, Except Metal and Plastic",0.0,0.0005390000000000001,0.8217,0.6534,0.5073288852519321,0.98,0.82,1,0.94,0.8799999999999999,0.91,0,False,False,0.94,0.06,0.0,False,False,False,0.024444444444444446,0.25,0.9,0.0033333333333333305,False,jev-1.13.0,garicano-2026-07-09-v1,anthropic-observed-exposure-2026-03-v3
7615,"Sopladores, modeladores, laminadores, cortadores y pulidores de vidrio",51-9195,"Molders, Shapers, and Casters, Except Metal and Plastic",0.0,0.00151041,0.4074,0.0388,1.458407924116914,0.96,0.4,1,0.85,0.7,0.78,0,False,False,0.85,0.15,0.0,True,False,False,0.025555555555555557,0.27,0.89,0.004444444444444445,False,jev-1.13.0,garicano-2026-07-09-v1,anthropic-observed-exposure-2026-03-v3
7616,"Rotulistas, grabadores de vidrio, pintores decorativos de artículos diversos",27-1024,Graphic Designers,0.3672,0.17934399,0.44099999999999995,0.16449999999999992,1.451351181218053,0.61,0.68,1,0.92,0.8400000000000001,0.87,0,False,False,0.92,0.08,0.0,True,False,False,0.07555555555555556,0.74,0.7,0.006666666666666668,False,jev-1.13.0,garicano-2026-07-09-v1,anthropic-observed-exposure-2026-03-v3
7617,"Artesanos en madera y materiales similares; cesteros, bruceros y trabajadores afines 278",51-7011,Cabinetmakers and Bench Carpenters,0.0,0.004312000000000001,0.864040404040404,0.7840404040404041,0.5605868409893515,0.9,0.93,1,0.89,0.81,0.82,0,False,False,0.89,0.08,0.03,False,False,False,0.014444444444444446,0.18,0.93,0.005555555555555555,False,jev-1.13.0,garicano-2026-07-09-v1,anthropic-observed-exposure-2026-03-v3
7618,"Artesanos en tejidos, cueros y materiales similares, preparadores de fibra y tejedores con telares artesanos o de tejidos de punto y afines",51-6051,"Sewers, Hand",0.0,0.01742604484848485,0.5056,0.30560000000000004,1.3123721760931557,0.77,0.63,1,0.86,0.78,0.79,0,False,False,0.86,0.08,0.06,True,False,False,0.015555555555555553,0.21,0.92,0.0077777777777777776,False,jev-1.13.0,garicano-2026-07-09-v1,anthropic-observed-exposure-2026-03-v3
7619,Artesanos no clasificados bajo otros epígrafes,51-9195,"Molders, Shapers, and Casters, Except Metal and Plastic",0.0,0.0011007070707070709,0.6141414141414142,0.4702020202020203,1.529051857617873,0.93,0.63,1,0.81,0.6300000000000001,0.72,0,False,False,0.81,0.18,0.01,False,False,False,0.014444444444444446,0.19,0.93,0.006666666666666666,False,jev-1.13.0,garicano-2026-07-09-v1,anthropic-observed-exposure-2026-03-v3
7621,Trabajadores de procesos de preimpresión,51-5111,Prepress Technicians and Workers,0.1018,0.19386964000000004,0.61,0.27459999999999996,0.9159954408663852,0.58,1.0,1,0.96,0.9199999999999999,0.93,0,False,False,0.96,0.04,0.0,False,False,False,0.17555555555555558,1.57,0.37,0.0011111111111111183,True,jev-1.13.0,garicano-2026-07-09-v1,anthropic-observed-exposure-2026-03-v3
7622,Trabajadores de procesos de impresión,51-5112,Printing Press Operators,0.0,0.0,1.0,1.0,-0.0,0.99,1.0,1,0.93,0.8600000000000001,0.9,0,False,False,0.93,0.07,0.0,False,False,False,0.044444444444444446,0.47,0.81,0.007777777777777772,False,jev-1.13.0,garicano-2026-07-09-v1,anthropic-observed-exposure-2026-03-v3
7623,Trabajadores de procesos de encuadernación,51-5113,Print Binding and Finishing Workers,0.0,0.0,1.0,1.0,-0.0,1.0,1.0,1,0.99,0.98,0.98,0,False,False,0.99,0.01,0.0,False,False,False,0.025813692480359147,0.31,0.88,0.008630751964085297,False,jev-1.13.0,garicano-2026-07-09-v1,anthropic-observed-exposure-2026-03-v3
7701,Matarifes y trabajadores de las industrias cárnicas,51-3023,Slaughterers and Meat Packers,0.0,6.795959595959595e-05,0.7,0.4275757575757575,0.7346584756150524,0.68,0.99,1,0.87,0.74,0.81,0,False,False,0.87,0.13,0.0,False,False,False,0.022222222222222223,0.25,0.9,0.005555555555555553,False,jev-1.13.0,garicano-2026-07-09-v1,anthropic-observed-exposure-2026-03-v3
7702,Trabajadores de las industrias del pescado,51-3022,"Meat, Poultry, and Fish Cutters and Trimmers",0.0,0.0030424622222222216,0.5978,0.356,1.216502243269538,0.58,0.97,1,0.8,0.6000000000000001,0.69,0,False,False,0.8,0.2,0.0,True,False,False,0.021111111111111112,0.24,0.9,0.005555555555555553,False,jev-1.13.0,garicano-2026-07-09-v1,anthropic-observed-exposure-2026-03-v3
7703,"Panaderos, pasteleros y confiteros",51-3011,Bakers,0.0,0.0020395199999999995,0.5626,0.4072,1.2789058895945797,0.55,0.96,1,0.84,0.6799999999999999,0.75,0,False,False,0.84,0.16,0.0,True,False,False,0.031111111111111114,0.34,0.86,0.0066666666666666645,False,jev-1.13.0,garicano-2026-07-09-v1,anthropic-observed-exposure-2026-03-v3
7704,Trabajadores del tratamiento de la leche y elaboración de productos lácteos (incluidos helados) 284,51-3092,Food Batchmakers,0.0,0.00013931,0.8004,0.7092,0.7883527121999249,0.86,0.91,1,0.84,0.6799999999999999,0.76,0,False,False,0.84,0.16,0.0,False,False,False,0.03222222222222223,0.36,0.86,0.007777777777777772,False,jev-1.13.0,garicano-2026-07-09-v1,anthropic-observed-exposure-2026-03-v3
7705,Trabajadores conserveros de frutas y hortalizas y trabajadores de la elabor ación de bebidas no alcohólicas,51-3092,Food Batchmakers,0.0,0.00011572464646464645,0.4082828282828283,0.2692929292929293,1.8157211639432096,0.85,0.46,1,0.97,0.94,0.95,0,False,False,0.97,0.03,0.0,True,False,False,0.007856341189674522,0.15,0.94,0.008810325476992144,False,jev-1.13.0,garicano-2026-07-09-v1,anthropic-observed-exposure-2026-03-v3
7706,Trabajadores de la elaboración de bebidas alcohólicas distintas del vino,51-9012,"Separating, Filtering, Clarifying, Precipitating, and Still Machine Setters, Operators, and Tenders",0.0,2.3879999999999995e-05,0.7566,0.6596000000000001,0.9227882190533319,0.96,0.76,1,0.84,0.6799999999999999,0.76,0,False,False,0.84,0.16,0.0,False,False,False,0.024444444444444446,0.26,0.9,0.004444444444444445,False,jev-1.13.0,garicano-2026-07-09-v1,anthropic-observed-exposure-2026-03-v3
7707,Trabajadores de la elaboración del vino,51-9012,"Separating, Filtering, Clarifying, Precipitating, and Still Machine Setters, Operators, and Tenders",0.0,1.16e-06,0.82,0.72,0.6734751110275858,0.99,0.81,1,0.87,0.74,0.81,0,False,False,0.87,0.13,0.0,False,False,False,0.030000000000000002,0.35,0.86,0.008888888888888887,False,jev-1.13.0,garicano-2026-07-09-v1,anthropic-observed-exposure-2026-03-v3
7708,Preparadores y elaboradores del tabaco y sus productos,51-9023,"Mixing and Blending Machine Setters, Operators, and Tenders",0.0,0.0019484848484848485,0.4040404040404041,0.09090909090909094,1.6643243104526424,0.99,0.38,1,0.96,0.9199999999999999,0.94,0,False,False,0.96,0.04,0.0,True,False,False,0.007856341189674522,0.15,0.94,0.008810325476992144,False,jev-1.13.0,garicano-2026-07-09-v1,anthropic-observed-exposure-2026-03-v3
7709,Catadores y clasificadores de alimentos y bebidas,51-9061,"Inspectors, Testers, Sorters, Samplers, and Weighers",0.0324,0.04154014,0.79,0.7228,0.9922738945682055,0.77,0.99,1,0.88,0.76,0.81,0,False,False,0.88,0.12,0.0,False,False,False,0.03444444444444445,0.38,0.85,0.007777777777777772,False,jev-1.13.0,garicano-2026-07-09-v1,anthropic-observed-exposure-2026-03-v3
7811,Trabajadores del tratamiento de la madera,51-9051,"Furnace, Kiln, Oven, Drier, and Kettle Operators and Tenders",0.0,4.06e-06,0.99,0.9841,0.06887798252537151,0.98,0.99,1,0.96,0.9199999999999999,0.94,0,False,False,0.96,0.04,0.0,False,False,False,0.026666666666666665,0.28,0.89,0.004444444444444449,False,jev-1.13.0,garicano-2026-07-09-v1,anthropic-observed-exposure-2026-03-v3
7812,Ajustadores y operadores de máquinas para trabajar la madera,51-7042,"Woodworking Machine Setters, Operators, and Tenders, Except Sawing",0.0,0.000215,0.92,0.8500000000000001,0.30891098466910233,0.99,0.91,1,0.97,0.94,0.95,1,False,False,0.97,0.03,0.0,False,False,False,0.03777777777777778,0.38,0.85,0.004444444444444445,False,jev-1.13.0,garicano-2026-07-09-v1,anthropic-observed-exposure-2026-03-v3
7820,Ebanistas y trabajadores afines,51-7011,Cabinetmakers and Bench Carpenters,0.0,0.0,0.9503999999999999,0.9207,0.26414111490989883,0.95,0.98,1,0.85,0.7,0.77,0,False,False,0.85,0.15,0.0,False,False,False,0.04264870931537598,0.43,0.83,0.005129068462401798,False,jev-1.13.0,garicano-2026-07-09-v1,anthropic-observed-exposure-2026-03-v3
7831,"Sastres, modistos, peleteros y sombrereros",51-6052,"Tailors, Dressmakers, and Custom Sewers",0.0342,0.03401071616161617,0.76,0.634,0.8390858355325299,0.74,1.0,2,0.6900000000000001,0.39,0.54,0,False,False,0.30000000000000004,0.6900000000000001,0.010000000000000002,False,False,False,0.03888888888888889,0.42,0.83,0.007777777777777772,False,jev-1.13.0,garicano-2026-07-09-v1,anthropic-observed-exposure-2026-03-v3
7832,Patronistas para productos en textil y piel 291,27-1022,Fashion Designers,0.0568,0.03713268,0.611,0.34099999999999997,1.1212551860657785,0.62,0.93,1,0.94,0.8799999999999999,0.9,0,False,False,0.94,0.06,0.0,False,False,False,0.10333333333333333,0.98,0.61,0.00555555555555555,False,jev-1.13.0,garicano-2026-07-09-v1,anthropic-observed-exposure-2026-03-v3
7833,"Cortadores de tejidos, cuero, piel y otros materiales",51-9031,"Cutters and Trimmers, Hand",0.0,0.005223,0.46,0.16000000000000003,1.1842862171825423,0.99,0.44,1,0.96,0.9199999999999999,0.94,0,False,False,0.96,0.04,0.0,True,False,False,0.02333333333333333,0.3,0.88,0.010000000000000002,False,jev-1.13.0,garicano-2026-07-09-v1,anthropic-observed-exposure-2026-03-v3
7834,"Costureros a mano, bordadores y afines",51-6051,"Sewers, Hand",0.0,0.007143746363636364,0.7098000000000001,0.5187,0.9728427970583934,0.9,0.77,1,0.84,0.6799999999999999,0.76,0,False,False,0.84,0.16,0.0,False,False,False,0.011111111111111112,0.18,0.93,0.008888888888888889,False,jev-1.13.0,garicano-2026-07-09-v1,anthropic-observed-exposure-2026-03-v3
7835,"Tapiceros, colchoneros y afines",51-6093,Upholsterers,0.0,0.00012336363636363635,0.7979797979797979,0.662687480869299,0.798337702123961,0.77,1.0,2,0.67,0.34,0.51,0,False,False,0.33,0.67,0.0,False,False,False,0.030000000000000002,0.32,0.87,0.005555555555555553,False,jev-1.13.0,garicano-2026-07-09-v1,anthropic-observed-exposure-2026-03-v3
7836,Curtidores y preparadores de pieles,51-9011,Chemical Equipment Operators and Tenders,0.0,0.001278787878787879,0.32323232323232326,0.06060606060606061,1.8846952409694253,0.99,0.3,1,0.93,0.8600000000000001,0.9,0,False,False,0.93,0.07,0.0,True,False,False,0.013333333333333332,0.2,0.92,0.00888888888888889,False,jev-1.13.0,garicano-2026-07-09-v1,anthropic-observed-exposure-2026-03-v3
7837,Zapateros y afines,51-6041,Shoe and Leather Workers and Repairers,0.0,0.0005323045454545455,0.86,0.8018181818181818,0.7107079617502378,0.84,1.0,2,0.76,0.52,0.64,0,False,False,0.24,0.76,0.0,False,False,False,0.01888888888888889,0.22,0.91,0.005555555555555557,False,jev-1.13.0,garicano-2026-07-09-v1,anthropic-observed-exposure-2026-03-v3
7891,Buceadores,47-5032,"Explosives Workers, Ordnance Handling Experts, and Blasters",0.0,0.004318680000000001,0.4092,0.2592,2.133047237500463,0.63,0.6,2,0.64,0.28,0.46,0,False,False,0.36,0.64,0.0,True,False,False,0.015555555555555557,0.2,0.92,0.006666666666666666,False,jev-1.13.0,garicano-2026-07-09-v1,anthropic-observed-exposure-2026-03-v3
7892,Pegadores,47-5032,"Explosives Workers, Ordnance Handling Experts, and Blasters",0.0,3.005050505050505e-05,0.99,0.9855555555555555,0.0731508674043542,0.98,1.0,1,0.67,0.34,0.5,0,False,False,0.67,0.33,0.0,False,False,False,0.024444444444444446,0.28,0.89,0.006666666666666668,False,jev-1.13.0,garicano-2026-07-09-v1,anthropic-observed-exposure-2026-03-v3
7893,"Clasificadores y probadores de productos (excepto alimentos, bebidas y tabaco)",51-9061,"Inspectors, Testers, Sorters, Samplers, and Weighers",0.0324,0.03337569969696969,0.96,0.95,0.26302831118329845,0.95,1.0,1,0.97,0.94,0.95,0,False,False,0.97,0.03,0.0,False,False,False,0.05666666666666667,0.57,0.77,0.006666666666666654,False,jev-1.13.0,garicano-2026-07-09-v1,anthropic-observed-exposure-2026-03-v3
7894,Fumigadores y otros controladores de plagas y malas hierbas,45-2092,"Farmworkers and Laborers, Crop, Nursery, and Greenhouse",0.0203,0.01784546,0.6006,0.5142,1.7378128400404058,0.63,0.89,1,0.79,0.5800000000000001,0.69,0,False,False,0.79,0.21,0.0,False,False,False,0.025813692480359147,0.28,0.89,0.005297418630751966,False,jev-1.13.0,garicano-2026-07-09-v1,anthropic-observed-exposure-2026-03-v3
7899,"Oficiales, operarios y artesanos de otros oficios no clasificados bajo otros epígrafes",51-9083,Ophthalmic Laboratory Technicians,0.0,8.992e-05,0.833,0.7839999999999999,0.7651929319013595,0.97,0.83,1,0.87,0.74,0.8,0,False,False,0.87,0.13,0.0,False,False,False,0.007856341189674522,0.12,0.95,0.0054769921436588105,False,jev-1.13.0,garicano-2026-07-09-v1,anthropic-observed-exposure-2026-03-v3
8111,Mineros y otros operadores en instalaciones mineras,47-5041,Continuous Mining Machine Operators,0.0,0.001301777777777778,0.816,0.7295999999999999,0.7810488328303729,0.96,0.84,1,0.91,0.8200000000000001,0.87,0,False,False,0.91,0.09,0.0,False,False,False,0.022446689113355775,0.26,0.9,0.006442199775533116,False,jev-1.13.0,garicano-2026-07-09-v1,anthropic-observed-exposure-2026-03-v3
8112,Operadores en instalaciones para la preparación de minerales y rocas,51-9021,"Crushing, Grinding, and Polishing Machine Setters, Operators, and Tenders",0.0425,0.024206020202020197,0.5684848484848484,0.3224242424242423,1.3299730697155416,0.82,0.66,1,0.95,0.8999999999999999,0.93,0,False,False,0.95,0.05,0.0,True,False,False,0.02888888888888889,0.33,0.87,0.007777777777777776,False,jev-1.13.0,garicano-2026-07-09-v1,anthropic-observed-exposure-2026-03-v3
8113,Sondistas y trabajadores afines,47-5012,"Rotary Drill Operators, Oil and Gas",0.0,0.0005314705050505051,0.6911999999999999,0.4607999999999999,0.9288616959062861,0.96,0.71,1,0.63,0.26,0.44,0,False,False,0.63,0.37,0.0,False,False,False,0.034444444444444444,0.36,0.85,0.005555555555555557,False,jev-1.13.0,garicano-2026-07-09-v1,anthropic-observed-exposure-2026-03-v3
8114,Operadores de maquinaria para fabricar productos derivados de minerales no metálicos,51-9195,"Molders, Shapers, and Casters, Except Metal and Plastic",0.0,4.257575757575758e-05,0.836,0.722,0.6347713847711179,0.94,0.87,1,0.97,0.94,0.96,0,False,False,0.97,0.03,0.0,False,False,False,0.02888888888888889,0.33,0.87,0.007777777777777776,False,jev-1.13.0,garicano-2026-07-09-v1,anthropic-observed-exposure-2026-03-v3
8121,Operadores en instalaciones para la obtención y transformación de metales,51-4051,Metal-Refining Furnace Operators and Tenders,0.0,0.002073969696969697,0.55,0.42000000000000004,1.6382524452731557,0.98,0.54,1,0.92,0.8400000000000001,0.88,0,False,False,0.92,0.08,0.0,True,False,False,0.04601571268237935,0.47,0.81,0.006206509539842871,False,jev-1.13.0,garicano-2026-07-09-v1,anthropic-observed-exposure-2026-03-v3
8122,"Operadores de máquinas pulidoras, galvanizadoras y recubridoras de metales",51-4193,"Plating Machine Setters, Operators, and Tenders, Metal and Plastic",0.0,0.0,0.99,0.98,0.056001534354847345,0.99,0.99,1,0.99,0.98,0.98,0,False,False,0.99,0.01,0.0,False,False,False,0.030000000000000002,0.35,0.86,0.008888888888888887,False,jev-1.13.0,garicano-2026-07-09-v1,anthropic-observed-exposure-2026-03-v3
8131,Operadores en plantas industriales químicas,51-8091,Chemical Plant and System Operators,0.0,0.0,0.6900000000000001,0.39000000000000007,0.6632774833173357,0.99,0.67,1,0.88,0.76,0.82,1,False,False,0.88,0.12,0.0,False,False,False,0.07,0.71,0.72,0.008888888888888877,False,jev-1.13.0,garicano-2026-07-09-v1,anthropic-observed-exposure-2026-03-v3
8132,"Operadores de máquinas para fabricar productos farmacéuticos, cosméticos y afines",51-9011,Chemical Equipment Operators and Tenders,0.0,0.0,0.5656565656565656,0.3838383838383838,1.1825727740148078,1.0,0.55,1,0.92,0.8400000000000001,0.88,0,False,False,0.92,0.08,0.0,True,False,False,0.044444444444444446,0.47,0.81,0.007777777777777772,False,jev-1.13.0,garicano-2026-07-09-v1,anthropic-observed-exposure-2026-03-v3
8133,Operadores de laboratorios fotográficos y afines,51-9151,Photographic Process Workers and Processing Machine Operators,0.0108,0.015854272727272727,0.97,0.9490909090909091,0.16451002689742372,0.95,1.0,1,0.99,0.98,0.98,0,False,False,0.99,0.01,0.0,False,False,False,0.025813692480359147,0.31,0.88,0.008630751964085297,False,jev-1.13.0,garicano-2026-07-09-v1,anthropic-observed-exposure-2026-03-v3
8141,Operadores de máquinas para fabricar productos de caucho y derivados de resinas naturales,51-9041,"Extruding, Forming, Pressing, and Compacting Machine Setters, Operators, and Tenders",0.0,0.0,0.66,0.34,0.7170996237435391,1.0,0.65,1,0.97,0.94,0.96,0,False,False,0.97,0.03,0.0,False,False,False,0.01888888888888889,0.22,0.91,0.005555555555555557,False,jev-1.13.0,garicano-2026-07-09-v1,anthropic-observed-exposure-2026-03-v3
8142,Operadores de máquinas para fabricar productos de material plástico,51-4072,"Molding, Coremaking, and Casting Machine Setters, Operators, and Tenders, Metal and Plastic",0.0,0.0,0.47474747474747475,0.23232323232323232,1.3091459007469735,1.0,0.45,1,0.98,0.96,0.97,0,False,False,0.98,0.02,0.0,True,False,False,0.023333333333333334,0.27,0.89,0.006666666666666668,False,jev-1.13.0,garicano-2026-07-09-v1,anthropic-observed-exposure-2026-03-v3
8143,Operadores de máquinas para fabricar productos de papel y cartón,51-9196,"Paper Goods Machine Setters, Operators, and Tenders",0.0,0.0,1.0,1.0,-0.0,1.0,1.0,1,1.0,1.0,1.0,0,False,False,1.0,0.0,0.0,False,False,False,0.01,0.16,0.94,0.0077777777777777776,False,jev-1.13.0,garicano-2026-07-09-v1,anthropic-observed-exposure-2026-03-v3
8144,"Operadores de serrerías, de máquinas de fabricación de tableros y de instal aciones afines para el tratamiento de la madera y el corcho",51-7041,"Sawing Machine Setters, Operators, and Tenders, Wood",0.0,0.000393,0.88,0.8,0.4658000972528395,0.99,0.87,1,0.98,0.96,0.97,0,False,False,0.98,0.02,0.0,False,False,False,0.026666666666666665,0.3,0.88,0.006666666666666668,False,jev-1.13.0,garicano-2026-07-09-v1,anthropic-observed-exposure-2026-03-v3
8145,Operadores en instalaciones para la preparación de pasta de papel y fabricación de papel,51-8091,Chemical Plant and System Operators,0.0,0.00021313131313131315,0.3535353535353536,0.05050505050505055,1.5978650418215667,0.99,0.33,1,0.93,0.8600000000000001,0.9,0,False,False,0.93,0.07,0.0,True,False,False,0.05444444444444444,0.57,0.77,0.008888888888888884,False,jev-1.13.0,garicano-2026-07-09-v1,anthropic-observed-exposure-2026-03-v3
8151,"Operadores de máquinas para preparar fibras, hilar y devanar",51-6064,"Textile Winding, Twisting, and Drawing Out Machine Setters, Operators, and Tenders",0.0,0.0,1.0,1.0,-0.0,1.0,1.0,1,0.99,0.98,0.99,0,False,False,0.99,0.01,0.0,False,False,False,0.007856341189674522,0.14,0.94,0.007699214365881035,False,jev-1.13.0,garicano-2026-07-09-v1,anthropic-observed-exposure-2026-03-v3
8152,Operadores de telares y otras máquinas tejedoras,51-6063,"Textile Knitting and Weaving Machine Setters, Operators, and Tenders",0.032,0.032,1.0,1.0,-0.0,1.0,1.0,1,0.99,0.98,0.99,0,False,False,0.99,0.01,0.0,False,False,False,0.016666666666666666,0.21,0.92,0.0066666666666666645,False,jev-1.13.0,garicano-2026-07-09-v1,anthropic-observed-exposure-2026-03-v3
8153,Operadores de máquinas de coser y bordar 311,51-6031,Sewing Machine Operators,0.0,0.0,1.0,1.0,-0.0,1.0,1.0,1,0.99,0.98,0.99,0,False,False,0.99,0.01,0.0,False,False,False,0.015555555555555557,0.19,0.92,0.005555555555555555,False,jev-1.13.0,garicano-2026-07-09-v1,anthropic-observed-exposure-2026-03-v3
8154,"Operadores de máquinas de blanquear, teñir, estampar y acabar textiles",51-6061,Textile Bleaching and Dyeing Machine Operators and Tenders,0.0211,0.0211,1.0,1.0,-0.0,1.0,1.0,1,0.98,0.96,0.97,0,False,False,0.98,0.02,0.0,False,False,False,0.03888888888888889,0.43,0.83,0.00888888888888889,False,jev-1.13.0,garicano-2026-07-09-v1,anthropic-observed-exposure-2026-03-v3
8155,Operadores de máquinas para tratar pieles y cuero,51-9011,Chemical Equipment Operators and Tenders,0.0,0.0057848484848484856,0.17171717171717174,0.01010101010101011,2.456123749391085,0.99,0.15,1,0.99,0.98,0.98,0,False,False,0.99,0.01,0.0,True,False,False,0.01,0.17,0.93,0.008888888888888889,False,jev-1.13.0,garicano-2026-07-09-v1,anthropic-observed-exposure-2026-03-v3
8156,"Operadores de máquinas para la fabricación del calzado, marroquinería y guantería de piel",51-6042,Shoe Machine Operators and Tenders,0.0,0.0,0.99,0.98,0.056001534354847345,1.0,0.98,1,0.99,0.98,0.99,0,False,False,0.99,0.01,0.0,False,False,False,0.016666666666666666,0.18,0.93,0.003333333333333334,False,jev-1.13.0,garicano-2026-07-09-v1,anthropic-observed-exposure-2026-03-v3
8159,Operadores de máquinas para fabricar productos textiles no clasifica dos bajo otros epígrafes,51-6063,"Textile Knitting and Weaving Machine Setters, Operators, and Tenders",0.032,0.014572727272727274,0.43434343434343436,0.1919191919191919,1.8215552298572206,1.0,0.41,1,1.0,1.0,1.0,0,False,False,1.0,0.0,0.0,True,False,False,0.005555555555555556,0.12,0.95,0.007777777777777777,False,jev-1.13.0,garicano-2026-07-09-v1,anthropic-observed-exposure-2026-03-v3
8160,"Operadores de máquinas para elaborar productos aliment icios, bebidas y tabaco",51-3092,Food Batchmakers,0.0,3.4799999999999993e-06,0.19999999999999998,0.04999999999999999,2.1946444611893763,0.99,0.19,1,0.99,0.98,0.99,0,False,False,0.99,0.01,0.0,True,False,False,0.017777777777777778,0.24,0.91,0.008888888888888887,False,jev-1.13.0,garicano-2026-07-09-v1,anthropic-observed-exposure-2026-03-v3
8170,Operadores de máquinas de lavandería y tintorería,51-6011,Laundry and Dry-Cleaning Workers,0.0,0.0026827766666666667,0.5049,0.3657,1.8597186169435425,0.48,0.98,1,0.87,0.74,0.8,0,False,False,0.87,0.13,0.0,True,False,False,0.017777777777777778,0.21,0.91,0.005555555555555553,False,jev-1.13.0,garicano-2026-07-09-v1,anthropic-observed-exposure-2026-03-v3
8191,Operadores de hornos e instalaciones de vidriería y cerámica,51-9041,"Extruding, Forming, Pressing, and Compacting Machine Setters, Operators, and Tenders",0.0,0.0,0.5,0.03999999999999998,0.8325318664442389,1.0,0.49,1,0.98,0.96,0.97,0,False,False,0.98,0.02,0.0,True,False,False,0.02,0.24,0.91,0.0066666666666666645,False,jev-1.13.0,garicano-2026-07-09-v1,anthropic-observed-exposure-2026-03-v3
8192,Operadores de calderas y máquinas de vapor,51-8021,Stationary Engineers and Boiler Operators,0.0,0.0062349599999999995,0.26,0.12700000000000003,2.322429070907747,0.68,1.0,1,0.74,0.48,0.62,0,False,False,0.74,0.26,0.0,True,False,False,0.03666666666666667,0.39,0.84,0.006666666666666668,False,jev-1.13.0,garicano-2026-07-09-v1,anthropic-observed-exposure-2026-03-v3
8193,"Operadores de máquinas de embalaje, embotellamiento y etiquetado",51-9111,Packaging and Filling Machine Operators and Tenders,0.0,0.0,1.0,1.0,-0.0,1.0,1.0,1,1.0,1.0,0.99,1,False,False,1.0,0.0,0.0,False,False,False,0.015555555555555557,0.2,0.92,0.006666666666666666,False,jev-1.13.0,garicano-2026-07-09-v1,anthropic-observed-exposure-2026-03-v3
8199,Operadores de instalaciones y maquinaria fijas no clasificados bajo otros epígrafes,51-8099,"Plant and System Operators, All Other",0.0,0.00041536000000000003,0.7128,0.5445,0.9655151548352574,0.99,0.71,1,0.99,0.98,0.99,0,False,False,0.99,0.01,0.0,False,False,False,0.007856341189674522,0.15,0.94,0.008810325476992144,False,jev-1.13.0,garicano-2026-07-09-v1,anthropic-observed-exposure-2026-03-v3
8201,Ensambladores de maquinaria mecánica 319,51-2031,Engine and Other Machine Assemblers,0.0,0.00015933333333333332,0.9400000000000001,0.8981818181818182,0.29375747612937436,0.92,0.99,1,0.94,0.8799999999999999,0.9,0,False,False,0.94,0.06,0.0,False,False,False,0.03666666666666667,0.39,0.84,0.006666666666666668,False,jev-1.13.0,garicano-2026-07-09-v1,anthropic-observed-exposure-2026-03-v3
8202,Ensambladores de equipos eléctricos y electrónicos,51-2021,"Coil Winders, Tapers, and Finishers",0.0,0.0022146363636363635,0.6172727272727272,0.4409090909090908,1.4119213934971735,0.97,0.62,1,0.98,0.96,0.96,0,False,False,0.98,0.02,0.0,False,False,False,0.04,0.42,0.83,0.006666666666666661,False,jev-1.13.0,garicano-2026-07-09-v1,anthropic-observed-exposure-2026-03-v3
8209,Montadores y ensambladores no clasificados en otros epígrafes,51-4121,"Welders, Cutters, Solderers, and Brazers",0.0,0.00408072,0.2058,0.0686,2.7561566866388456,0.97,0.19,1,0.99,0.98,0.98,0,False,False,0.99,0.01,0.0,True,False,False,0.021111111111111112,0.26,0.9,0.007777777777777779,False,jev-1.13.0,garicano-2026-07-09-v1,anthropic-observed-exposure-2026-03-v3
8311,Maquinistas de locomotoras,53-4011,Locomotive Engineers,0.0,0.0,1.0,1.0,-0.0,0.99,1.0,1,0.78,0.56,0.66,0,False,False,0.78,0.22,0.0,False,False,False,0.03222222222222222,0.34,0.87,0.005555555555555557,False,jev-1.13.0,garicano-2026-07-09-v1,anthropic-observed-exposure-2026-03-v3
8312,Agentes de maniobras ferroviarias,53-4022,"Railroad Brake, Signal, and Switch Operators and Locomotive Firers",0.0,0.0,0.99,0.98,0.056001534354847345,0.99,0.99,1,0.62,0.24,0.42,0,False,False,0.62,0.38,0.0,False,False,False,0.021111111111111112,0.24,0.9,0.005555555555555553,False,jev-1.13.0,garicano-2026-07-09-v1,anthropic-observed-exposure-2026-03-v3
8321,Operadores de maquinaria agrícola móvil,45-2091,Agricultural Equipment Operators,0.0,9.31919191919192e-05,0.95,0.9257575757575757,0.28962927614649786,0.95,1.0,1,0.97,0.94,0.95,0,False,False,0.97,0.03,0.0,False,False,False,0.017777777777777778,0.2,0.92,0.004444444444444445,False,jev-1.13.0,garicano-2026-07-09-v1,anthropic-observed-exposure-2026-03-v3
8322,Operadores de maquinaria forestal móvil,45-4022,Logging Equipment Operators,0.0,2.0464646464646465e-05,0.84,0.7607999999999999,0.7187282145521224,0.83,1.0,1,0.91,0.8200000000000001,0.87,0,False,False,0.91,0.09,0.0,False,False,False,0.014444444444444446,0.2,0.92,0.0077777777777777776,False,jev-1.13.0,garicano-2026-07-09-v1,anthropic-observed-exposure-2026-03-v3
8331,Operadores de maquinaria de movimientos de tierras y equipos similares,47-2073,Operating Engineers and Other Construction Equipment Operators,0.0,0.0,0.97,0.9522999999999999,0.16726559854739487,0.96,1.0,1,0.96,0.9199999999999999,0.94,0,False,False,0.96,0.04,0.0,False,False,False,0.012222222222222223,0.18,0.93,0.0077777777777777776,False,jev-1.13.0,garicano-2026-07-09-v1,anthropic-observed-exposure-2026-03-v3
8332,"Operadores de grúas, montacargas y de maquinaria similar de mov imiento de materiales",53-7021,Crane and Tower Operators,0.0,0.00012044,0.8633,0.7793,0.5919239711354282,0.88,0.96,1,0.96,0.9199999999999999,0.94,0,False,False,0.96,0.04,0.0,False,False,False,0.008888888888888889,0.13,0.95,0.005555555555555557,False,jev-1.13.0,garicano-2026-07-09-v1,anthropic-observed-exposure-2026-03-v3
8333,Operadores de carretillas elevadoras,53-7051,Industrial Truck and Tractor Operators,0.0,0.0,1.0,1.0,-0.0,0.99,1.0,1,0.9,0.8,0.85,0,False,False,0.9,0.1,0.0,False,False,False,0.027777777777777776,0.29,0.88,0.004444444444444445,False,jev-1.13.0,garicano-2026-07-09-v1,anthropic-observed-exposure-2026-03-v3
8340,"Marineros de puente, marineros de máquinas y afines",53-5011,Sailors and Marine Oilers,0.0,1.2179999999999999e-05,0.97,0.9511,0.17620510949961993,0.95,1.0,1,0.59,0.18,0.39,0,False,False,0.59,0.41,0.0,False,True,False,0.012222222222222223,0.17,0.93,0.006666666666666666,False,jev-1.13.0,garicano-2026-07-09-v1,anthropic-observed-exposure-2026-03-v3
8411,"Conductores propietarios de automóviles, taxis y furgonetas",53-3054,Taxi Drivers,0.0,0.000562,0.91,0.86,0.39209025221365496,1.0,0.9,1,0.6,0.19999999999999996,0.4,0,False,False,0.6,0.4,0.0,False,False,False,0.06555555555555555,0.64,0.74,0.005555555555555564,False,jev-1.13.0,garicano-2026-07-09-v1,anthropic-observed-exposure-2026-03-v3
8412,"Conductores asalariados de automóviles, taxis y furgonetas",53-3054,Taxi Drivers,0.0,0.000562,0.6,0.25999999999999995,0.8802861522293416,1.0,0.58,1,0.66,0.32,0.49,0,False,False,0.66,0.34,0.0,False,False,False,0.05888888888888889,0.57,0.77,0.004444444444444431,False,jev-1.13.0,garicano-2026-07-09-v1,anthropic-observed-exposure-2026-03-v3
8420,Conductores de autobuses y tranvías 327,53-3052,"Bus Drivers, Transit and Intercity",0.0,0.0,0.97,0.94,0.13474216817976675,1.0,0.97,1,0.82,0.6399999999999999,0.72,0,False,False,0.82,0.18,0.0,False,False,False,0.024444444444444446,0.26,0.89,0.004444444444444445,False,jev-1.13.0,garicano-2026-07-09-v1,anthropic-observed-exposure-2026-03-v3
8431,Conductores propietarios de camiones,53-3032,Heavy and Tractor-Trailer Truck Drivers,0.0,0.0,1.0,1.0,-0.0,1.0,1.0,1,0.53,0.06000000000000005,0.29,0,False,False,0.53,0.47,0.0,False,True,False,0.05555555555555555,0.55,0.78,0.005555555555555564,False,jev-1.13.0,garicano-2026-07-09-v1,anthropic-observed-exposure-2026-03-v3
8432,Conductores asalariados de camiones,53-3032,Heavy and Tractor-Trailer Truck Drivers,0.0,0.0,1.0,1.0,-0.0,1.0,1.0,1,0.55,0.10000000000000003,0.33,0,False,False,0.55,0.45,0.0,False,True,False,0.05666666666666667,0.56,0.78,0.005555555555555557,False,jev-1.13.0,garicano-2026-07-09-v1,anthropic-observed-exposure-2026-03-v3
8440,Conductores de motocicletas y ciclomotores,53-3031,Driver/Sales Workers,0.0281,0.01475959595959596,0.5252525252525253,0.27272727272727276,1.302364724306317,1.0,0.5,1,0.78,0.56,0.67,0,False,False,0.78,0.22,0.0,True,False,False,0.030000000000000002,0.35,0.86,0.008888888888888887,False,jev-1.13.0,garicano-2026-07-09-v1,anthropic-observed-exposure-2026-03-v3
9100,Empleados domésticos,37-2012,Maids and Housekeeping Cleaners,0.0,0.024039339393939395,0.52,0.38670000000000004,1.8992917798087066,0.48,1.0,1,0.75,0.5,0.62,0,False,False,0.75,0.25,0.0,True,False,False,0.02,0.23,0.91,0.005555555555555557,False,jev-1.13.0,garicano-2026-07-09-v1,anthropic-observed-exposure-2026-03-v3
9210,"Personal de limpieza de oficinas, hoteles y otros establecimientos similares",37-2012,Maids and Housekeeping Cleaners,0.0,0.0,0.95,0.8999999999999999,0.1985152433458726,0.99,0.93,1,0.94,0.8799999999999999,0.91,0,False,False,0.94,0.06,0.0,False,False,False,0.007856341189674522,0.13,0.95,0.006588103254769924,False,jev-1.13.0,garicano-2026-07-09-v1,anthropic-observed-exposure-2026-03-v3
9221,Limpiadores en seco a mano y afines,39-3092,Costume Attendants,0.0,0.004102284646464646,0.22,0.017878787878787883,2.368481873049773,0.47,0.41,1,0.93,0.8600000000000001,0.89,0,False,False,0.93,0.07,0.0,True,False,False,0.014444444444444446,0.16,0.93,0.0033333333333333322,False,jev-1.13.0,garicano-2026-07-09-v1,anthropic-observed-exposure-2026-03-v3
9222,Limpiadores de vehículos,37-2011,"Janitors and Cleaners, Except Maids and Housekeeping Cleaners",0.0,0.005359988787878788,0.5185,0.4392,2.1067395107169395,0.58,0.82,1,0.98,0.96,0.97,0,False,False,0.98,0.02,0.0,True,False,False,0.0022222222222222222,0.08,0.97,0.006666666666666666,False,jev-1.13.0,garicano-2026-07-09-v1,anthropic-observed-exposure-2026-03-v3
9223,Limpiadores de ventanas,37-2011,"Janitors and Cleaners, Except Maids and Housekeeping Cleaners",0.0,3.406060606060606e-05,0.9801,0.9702,0.12062866843392446,0.98,0.98,1,0.98,0.96,0.98,0,False,False,0.98,0.02,0.0,False,False,False,0.0022222222222222222,0.08,0.97,0.006666666666666666,False,jev-1.13.0,garicano-2026-07-09-v1,anthropic-observed-exposure-2026-03-v3
9229,Otro personal de limpieza,37-2011,"Janitors and Cleaners, Except Maids and Housekeeping Cleaners",0.0,0.00046,0.99,0.98,0.056001534354847345,0.99,0.98,1,0.91,0.8200000000000001,0.86,0,False,False,0.91,0.09,0.0,False,False,False,0.006666666666666666,0.13,0.95,0.007777777777777779,False,jev-1.13.0,garicano-2026-07-09-v1,anthropic-observed-exposure-2026-03-v3
9310,Ayudantes de cocina,35-2021,Food Preparation Workers,0.0,0.000116,0.71,0.5,0.8318121932131554,1.0,0.68,1,0.86,0.72,0.78,0,False,False,0.86,0.14,0.0,False,False,False,0.003333333333333333,0.1,0.96,0.007777777777777778,False,jev-1.13.0,garicano-2026-07-09-v1,anthropic-observed-exposure-2026-03-v3
9320,Preparadores de comidas rápidas,35-2011,"Cooks, Fast Food",0.0,0.0,0.87,0.74,0.3863867062886037,1.0,0.85,1,0.93,0.8600000000000001,0.89,0,False,False,0.93,0.07,0.0,False,False,False,0.013333333333333332,0.19,0.92,0.007777777777777779,False,jev-1.13.0,garicano-2026-07-09-v1,anthropic-observed-exposure-2026-03-v3
9410,Vendedores callejeros,41-9091,"Door-to-Door Sales Workers, News and Street Vendors, and Related Workers",0.1758,0.17438486,0.99,0.9863999999999999,0.07316139662737917,0.98,1.0,1,0.56,0.12000000000000005,0.33,0,False,False,0.56,0.44,0.0,False,True,False,0.007777777777777778,0.11,0.96,0.0044444444444444444,False,jev-1.13.0,garicano-2026-07-09-v1,anthropic-observed-exposure-2026-03-v3
9420,"Repartidores de publicidad, limpiabotas y otros trabajadores de oficios callejeros",37-2011,"Janitors and Cleaners, Except Maids and Housekeeping Cleaners",0.0,0.06164772666666667,0.26970000000000005,0.09150000000000005,2.3732417219664215,0.4,0.91,1,0.82,0.6399999999999999,0.73,0,False,False,0.82,0.18,0.0,True,False,False,0.005555555555555556,0.09,0.97,0.0044444444444444444,False,jev-1.13.0,garicano-2026-07-09-v1,anthropic-observed-exposure-2026-03-v3
9431,Ordenanzas,43-5021,Couriers and Messengers,0.0412,0.049322830000000005,0.34,0.14080000000000004,2.011494209065675,0.3,0.99,1,0.64,0.28,0.46,0,False,False,0.64,0.36,0.0,True,False,False,0.013333333333333332,0.18,0.93,0.006666666666666668,False,jev-1.13.0,garicano-2026-07-09-v1,anthropic-observed-exposure-2026-03-v3
9432,Mozos de equipaje y afines 337,53-7062,"Laborers and Freight, Stock, and Material Movers, Hand",0.0,0.01884142424242424,0.7363636363636363,0.5747474747474748,0.8793476599903739,0.8,0.89,1,0.89,0.78,0.84,0,False,False,0.89,0.11,0.0,False,False,False,0.007856341189674522,0.11,0.95,0.004365881032547701,False,jev-1.13.0,garicano-2026-07-09-v1,anthropic-observed-exposure-2026-03-v3
9433,"Repartidores, recadistas y mensajeros a pie",53-7062,"Laborers and Freight, Stock, and Material Movers, Hand",0.0,0.004971704242424243,0.6533333333333333,0.5048484848484849,1.1571533662012874,0.97,0.64,1,0.96,0.9199999999999999,0.95,0,False,False,0.96,0.04,0.0,False,False,False,0.02888888888888889,0.32,0.87,0.0066666666666666645,False,jev-1.13.0,garicano-2026-07-09-v1,anthropic-observed-exposure-2026-03-v3
9434,Lectores de contadores y recaudadores de máquinas recreativas y expendedoras,53-3031,Driver/Sales Workers,0.0281,0.024056031616161617,0.2127272727272727,0.04472727272727273,2.790965875495822,0.22,0.79,1,0.88,0.76,0.82,0,False,False,0.88,0.12,0.0,True,False,False,0.05,0.53,0.79,0.00888888888888889,False,jev-1.13.0,garicano-2026-07-09-v1,anthropic-observed-exposure-2026-03-v3
9441,Recogedores de residuos,53-7081,Refuse and Recyclable Material Collectors,0.0,0.0007105046464646465,0.6237,0.29491212121212124,0.9089402837119137,0.6,0.99,1,0.95,0.8999999999999999,0.92,0,False,False,0.95,0.05,0.0,False,False,False,0.0011111111111111111,0.05,0.98,0.0044444444444444444,False,jev-1.13.0,garicano-2026-07-09-v1,anthropic-observed-exposure-2026-03-v3
9442,"Clasificadores de desechos, operarios de punto limpio y recogedores de chatarra",53-7081,Refuse and Recyclable Material Collectors,0.0,0.01843720202020202,0.5518,0.39220404040404033,1.7081839254581042,0.59,0.88,1,0.84,0.6799999999999999,0.76,0,False,False,0.84,0.16,0.0,True,False,False,0.010000000000000002,0.15,0.94,0.0066666666666666645,False,jev-1.13.0,garicano-2026-07-09-v1,anthropic-observed-exposure-2026-03-v3
9443,Barrenderos y afines,37-2011,"Janitors and Cleaners, Except Maids and Housekeeping Cleaners",0.0,0.0,0.8,0.6000000000000001,0.5004024235381879,0.99,0.76,1,0.96,0.9199999999999999,0.95,0,False,False,0.96,0.04,0.0,False,False,False,0.0011111111111111111,0.05,0.98,0.0044444444444444444,False,jev-1.13.0,garicano-2026-07-09-v1,anthropic-observed-exposure-2026-03-v3
9490,Otras ocupaciones elementales,37-2011,"Janitors and Cleaners, Except Maids and Housekeeping Cleaners",0.0,0.01471485164779104,0.4017171717171717,0.06515151515151513,1.721030827993506,0.37,0.95,1,0.57,0.13999999999999996,0.36,0,False,False,0.57,0.43,0.0,True,True,False,0.03222222222222223,0.37,0.85,0.008888888888888884,False,jev-1.13.0,garicano-2026-07-09-v1,anthropic-observed-exposure-2026-03-v3
9511,"Peones agrícolas (excepto en huertas, invernaderos, viveros y jardines)",45-2092,"Farmworkers and Laborers, Crop, Nursery, and Greenhouse",0.0203,0.0203,1.0,1.0,-0.0,1.0,1.0,1,0.99,0.98,0.98,0,False,False,0.99,0.01,0.0,False,False,False,0.005555555555555556,0.09,0.96,0.0044444444444444444,False,jev-1.13.0,garicano-2026-07-09-v1,anthropic-observed-exposure-2026-03-v3
9512,"Peones agrícolas en huertas, invernaderos, viveros y jardines",45-2092,"Farmworkers and Laborers, Crop, Nursery, and Greenhouse",0.0203,0.019690999999999997,0.97,0.94,0.13474216817976675,0.96,1.0,1,0.96,0.9199999999999999,0.94,0,False,False,0.96,0.04,0.0,False,False,False,0.007856341189674522,0.13,0.95,0.006588103254769924,False,jev-1.13.0,garicano-2026-07-09-v1,anthropic-observed-exposure-2026-03-v3
9520,Peones ganaderos,45-2093,"Farmworkers, Farm, Ranch, and Aquacultural Animals",0.0,0.0,1.0,1.0,-0.0,1.0,1.0,1,0.83,0.6599999999999999,0.74,0,False,False,0.83,0.17,0.0,False,False,False,0.013333333333333332,0.18,0.93,0.006666666666666668,False,jev-1.13.0,garicano-2026-07-09-v1,anthropic-observed-exposure-2026-03-v3
9530,Peones agropecuarios,45-2092,"Farmworkers and Laborers, Crop, Nursery, and Greenhouse",0.0203,0.014412999999999999,0.71,0.43999999999999995,0.6749285758563897,1.0,0.68,1,0.96,0.9199999999999999,0.95,0,False,False,0.96,0.04,0.0,False,False,False,0.011111111111111112,0.15,0.94,0.005555555555555555,False,jev-1.13.0,garicano-2026-07-09-v1,anthropic-observed-exposure-2026-03-v3
9541,Peones de la pesca,45-2093,"Farmworkers, Farm, Ranch, and Aquacultural Animals",0.0,0.00406,0.52,0.32,1.3804695941636387,1.0,0.46,1,0.93,0.8600000000000001,0.9,0,False,False,0.93,0.07,0.0,True,False,False,0.007856341189674522,0.12,0.95,0.0054769921436588105,False,jev-1.13.0,garicano-2026-07-09-v1,anthropic-observed-exposure-2026-03-v3
9542,Peones de la acuicultura,45-2093,"Farmworkers, Farm, Ranch, and Aquacultural Animals",0.0,0.000203,0.99,0.98,0.056001534354847345,0.99,0.99,1,0.98,0.96,0.98,0,False,False,0.98,0.02,0.0,False,False,False,0.007777777777777778,0.11,0.96,0.0044444444444444444,False,jev-1.13.0,garicano-2026-07-09-v1,anthropic-observed-exposure-2026-03-v3
9543,Peones forestales y de la caza,45-4011,Forest and Conservation Workers,0.0,0.0008468,0.7103999999999999,0.5087999999999999,0.9165870021273032,0.96,0.71,1,0.95,0.8999999999999999,0.92,0,False,False,0.95,0.05,0.0,False,False,False,0.011111111111111112,0.16,0.94,0.006666666666666666,False,jev-1.13.0,garicano-2026-07-09-v1,anthropic-observed-exposure-2026-03-v3
9601,Peones de obras públicas,47-4051,Highway Maintenance Workers,0.0,0.012645,0.55,0.10000000000000003,0.6881388137135884,0.99,0.53,1,0.93,0.8600000000000001,0.89,0,False,False,0.93,0.07,0.0,True,False,False,0.012222222222222225,0.16,0.94,0.005555555555555553,False,jev-1.13.0,garicano-2026-07-09-v1,anthropic-observed-exposure-2026-03-v3
9602,Peones de la construcción de edificios,47-2061,Construction Laborers,0.0281,0.027838747474747474,0.99,0.9819191919191919,0.06192143541267133,0.99,1.0,1,0.94,0.8799999999999999,0.91,0,False,False,0.94,0.06,0.0,False,False,False,0.006666666666666666,0.11,0.96,0.005555555555555557,False,jev-1.13.0,garicano-2026-07-09-v1,anthropic-observed-exposure-2026-03-v3
9603,"Peones de la minería, canteras y otras industrias extractivas 347",47-5081,Helpers--Extraction Workers,0.0,0.0010310712121212122,0.9405,0.9217121212121212,0.33357160426472743,0.94,0.98,1,0.92,0.8400000000000001,0.88,0,False,False,0.92,0.08,0.0,False,False,False,0.003333333333333333,0.08,0.97,0.005555555555555556,False,jev-1.13.0,garicano-2026-07-09-v1,anthropic-observed-exposure-2026-03-v3
9700,Peones de las industrias manufactureras,51-9198,Helpers--Production Workers,0.0393,0.03618351,0.9207000000000001,0.8803969696969698,0.35911939332599674,0.92,0.98,1,0.98,0.96,0.97,0,False,False,0.98,0.02,0.0,False,False,False,0.008888888888888889,0.16,0.94,0.008888888888888889,False,jev-1.13.0,garicano-2026-07-09-v1,anthropic-observed-exposure-2026-03-v3
9811,Peones del transporte de mercancías y descargadores,53-7062,"Laborers and Freight, Stock, and Material Movers, Hand",0.0,0.0,0.75,0.5,0.5623351446188083,1.0,0.73,1,0.91,0.8200000000000001,0.87,0,False,False,0.91,0.09,0.0,False,False,False,0.014444444444444446,0.18,0.93,0.005555555555555555,False,jev-1.13.0,garicano-2026-07-09-v1,anthropic-observed-exposure-2026-03-v3
9812,Conductores de vehículos de tracción animal para el transporte de personas y similares,53-3054,Taxi Drivers,0.0,0.00039334343434343437,0.5599999999999999,0.20999999999999996,1.067032908376562,0.98,0.54,1,0.64,0.28,0.46,0,False,False,0.64,0.36,0.0,True,False,False,0.012222222222222223,0.17,0.93,0.006666666666666666,False,jev-1.13.0,garicano-2026-07-09-v1,anthropic-observed-exposure-2026-03-v3
9820,Reponedores,53-7065,Stockers and Order Fillers,0.0,0.108836975818794,0.5399999999999999,0.2624772982348739,1.4650326337073558,0.51,0.99,1,0.9,0.8,0.84,0,False,False,0.9,0.1,0.0,True,False,False,0.022222222222222223,0.24,0.9,0.004444444444444442,False,jev-1.13.0,garicano-2026-07-09-v1,anthropic-observed-exposure-2026-03-v3
